16391
13685
13445
13445
13365
13405
13365
13364
13445
13405
13395
13405
13385
13405
13385
13365
13355
13365
13355
13365
13365
13376
13365
13395
13365
13375
13375
13364
13376
13364
13375
13375
13375
13385
13365
13385
13374
13375
13385
13675
13365
13385
13375
13375
13245
12974
12974
12984
12975
12964
12964
12975
12994
12975
12964
12964
12975
12974
12975
12974
12994
12965
12984
12964
12964
13195
47338
13104
13044
13014
13025
13014
13015
13014
13014
13014
16310
13104
13034
13034
13025
13024
13015
13024
13015
13014
13035
13014
13025
13014
13024
13024
13025
13014
13034
13024
13015
13024
13025
13014
13025
13014
13025
13044
13034
13034
13034
13044
13024
13024
13024
13034
13014
13024
13024
13025
13044
13015
13024
13034
13044
13014
13034
13025
13044
13025
13034
13034
13024
13045
13034
13034
13024
13034
13024
13034
13024
13254
13014
43642
13074
13054
13024
13014
13004
13035
13014
13024
13024
13024
13034
13034
13034
13024
13044
13024
13024
13035
13044
13015
13024
13035
13034
13035
13024
13025
13014
13024
13014
13025
13014
13034
13014
13024
13014
13035
13024
13015
13024
13025
13034
13024
13024
13025
13034
13025
13024
13034
13034
13035
13024
13024
13014
13045
13024
13025
13034
13035
13014
13015
13014
13035
13024
13024
13034
13024
13044
13024
13034
13025
13034
13265
50373
13114
13054
13004
13014
13014
13015
13014
13005
13024
13014
12994
13005
13024
13004
13014
13004
13024
13024
13025
13004
13024
13024
13015
18835
13174
13004
13014
13025
12974
13015
13004
13015
13004
13004
13015
13024
12995
13014
13005
13024
13005
13014
13004
13004
13004
12994
13004
12994
13014
12994
13004
13004
13024
12995
13004
13015
12994
13005
12994
12994
12994
13014
12995
13004
12994
13014
13004
12994
13015
13024
13004
12994
31178
13115
13024
13014
13004
13005
13034
13015
13024
13014
29124
13095
13034
13014
13024
13025
13014
13024
13024
13015
13004
12994
12994
13014
13024
13005
13014
13024
13024
13004
13004
13024
13004
13014
13015
13034
13014
12994
13014
13014
13014
13004
13015
13004
13014
12994
12994
13304
13014
12994
13005
13004
13015
13014
12994
13004
13005
13014
12994
12994
13004
13014
13004
12995
13004
13004
13014
13004
13014
13005
13024
13004
28112
13125
13054
13025
13014
13035
13034
13035
13034
13045
13054
13044
13035
13034
13044
13064
13035
13054
13035
13054
13045
13034
13024
13044
13034
13044
13024
13024
13044
13024
13034
13034
13035
13024
13015
13014
13045
13034
13035
13024
13045
13024
13035
13034
13034
13034
13034
13024
13024
13034
13014
13034
13024
13044
13024
13034
13044
13035
13054
13034
13034
13034
13064
13035
13034
13045
13054
13034
13044
13045
13054
13034
13044
13034
13035
23634
13084
13044
13024
13044
13014
13024
13024
13034
13014
13025
13024
13044
13014
13024
13024
13015
13024
13024
13014
13015
13024
13015
13014
13024
13034
13034
13034
13024
13014
13035
13014
13024
13024
13015
13024
13015
13024
13025
13024
13015
13014
13035
13024
13035
13024
13025
13044
13025
13024
13035
13044
13034
13044
13024
13034
13035
13024
13024
13024
13034
13014
13024
13024
13034
13034
13025
13024
13035
13014
13025
13014
13015
13034
13015
29404
13104
13064
13044
13024
13024
13024
13014
13015
13014
13035
13024
13024
13024
13045
13024
13025
13034
13035
13044
13025
13024
13025
13034
13015
13024
13044
13034
13045
13044
13024
13024
13024
13014
13024
13024
13034
13054
13034
13034
13034
13035
13014
13044
13044
13034
13034
13035
13044
13035
13094
13244
13015
13034
13014
13024
13005
13044
13035
13034
13005
13024
13044
13044
13004
13014
13035
13034
13005
13024
13034
13034
13005
13014
13034
37189
13085
13024
13025
13004
13025
13024
13024
13034
13024
13024
13024
13024
13014
13014
13024
13024
13024
13024
13024
13015
13034
13024
13004
13014
13034
13014
13024
13025
13034
13024
13014
13015
13014
13025
13004
13005
13004
13025
13014
13034
13014
13024
13014
13014
13014
13034
13005
13014
13015
13024
13015
13014
13015
13024
13025
13014
13015
13014
13025
13004
13005
13014
13014
13024
13024
13024
13014
13025
13014
13014
13014
13034
13014
54312
13164
13054
13015
13024
13025
13024
13014
13024
13004
13025
13024
13025
13014
13015
13024
13024
13024
13004
13024
13024
13004
13024
13034
13025
13014
13014
13185
13005
13004
13035
13014
12994
13004
13005
13004
13014
13004
13014
13005
13004
13004
13004
13015
13014
13004
13004
13004
13005
13004
13004
13014
13005
13014
13005
13004
13005
13014
12994
12995
12994
12995
13004
12994
13014
13005
13014
13004
13004
13004
13025
13205
37419
13104
13044
13004
13014
12994
13015
13004
13005
12994
13004
13004
13014
13015
13014
13035
13014
12994
13004
13015
13014
13015
13004
12994
13014
13004
13005
13014
13015
13014
13014
13004
13034
13014
13014
13004
13025
13004
13004
13014
13024
13014
12994
13015
13014
13024
13004
13014
13014
13335
13015
13014
13015
13014
13025
13004
13015
13004
13035
13014
13004
13004
13024
13014
13014
13034
13024
13024
13014
13014
13004
13024
13034
13015
37650
13075
13004
13005
12994
12995
12984
12984
12995
13014
12984
12984
15940
13105
13004
12975
12974
12974
12984
12974
12974
12984
12994
12995
12974
12975
13004
12984
12974
12974
12975
12994
12975
12974
12974
12985
12974
12984
12984
12984
12974
12974
12975
12974
12994
12975
12964
12985
12984
12984
12974
12974
12995
12964
12964
12964
12974
12984
12974
12974
12984
12984
12975
12974
12974
12994
12974
12985
12964
12964
12974
12964
12973
13174
31188
13135
13024
13005
13024
13015
13004
13004
13014
13005
13024
13014
13034
13004
12984
13004
13004
13014
13015
13014
13005
13004
13005
13004
13005
13024
13014
13004
13004
13005
13014
13014
13014
13014
13014
13014
13014
13014
13034
13014
13004
13004
13014
13004
13014
13004
13004
13014
13015
13004
12994
13034
13014
13004
13004
13024
13014
13004
13014
13005
13014
13015
13014
13015
13024
13035
13004
13004
13044
13004
13004
13014
13024
13025
25767
13114
13025
13004
13005
12984
13004
13004
13004
12994
12994
13015
13004
12994
12984
13004
12984
13005
12994
12994
13014
13004
13005
13004
13015
12994
13005
12994
13004
13005
12994
12994
13004
12994
13004
12995
12994
13004
13005
12994
13004
13004
12995
12994
12994
13004
12994
12994
13004
12993
13004
13004
13455
15068
15469
13004
12994
12995
13014
12994
12994
13004
13005
13004
12994
12994
12995
13004
13004
12994
13014
13014
12994
12994
13004
42209
13085
13044
13005
13014
13004
12994
13004
13014
12994
13025
13014
13005
13014
13004
13004
13014
13005
13004
13014
13004
13025
13004
12994
13004
13014
13014
13014
13004
13014
13015
13004
13004
13004
13014
13014
13004
13004
13004
13004
13004
12994
13004
13025
13004
13004
12994
13024
13014
13004
13004
13014
13004
13004
13014
13004
13015
13004
13004
13004
13014
13005
13014
13004
13014
12994
13004
12985
13004
13005
13004
13004
12995
13014
31127
13074
13034
13064
13024
13034
13045
13034
13014
13024
13034
13034
13014
13034
13025
13034
13035
13034
13024
13024
13044
13024
13014
13024
13045
13034
13015
13024
13024
13044
13034
13024
13024
13034
13024
13034
13035
13024
13025
13024
13044
13034
13045
13014
13035
13024
13035
13014
13014
13024
13034
13014
13035
13034
13024
13034
13014
13024
13025
13034
13035
13014
13025
13044
13034
13034
13014
13044
13025
13024
13024
13034
13014
13034
13024
31759
13054
13004
12984
13005
13004
13044
13004
12995
13024
13004
13004
12994
12984
12994
12994
12984
12994
12994
12984
12985
12994
12995
12994
12984
12984
13004
12994
12994
13005
12994
12994
13004
20077
13194
13035
13004
12995
13004
12994
12994
13004
13004
13015
13024
13024
13004
13004
20318
13144
13014
13004
13005
13004
13015
13014
13004
12984
12994
12994
13014
13004
13004
13005
13004
13024
13004
13004
12984
12994
12995
13024
12984
32701
13094
13024
13024
13035
13024
13034
13024
17893
13125
13044
13014
13014
13005
13004
13014
13014
13015
13004
13004
13014
13005
13014
13014
13004
13004
13005
13004
13014
13004
13015
13014
13024
13024
13024
13014
13004
13004
13014
13004
13014
13005
13014
13025
13014
13014
13014
13014
13014
13014
13014
13014
13024
13014
13014
13014
13024
13014
13015
13014
13015
13004
13025
13024
13014
13004
13004
13004
13014
13024
13024
13014
13024
13005
41036
13104
13055
13004
12994
13014
13004
13004
13004
13004
13004
13005
13004
13005
13014
13014
13004
13024
13015
13014
13005
13014
13004
13004
13015
13014
13005
13004
13004
13014
13014
13004
13004
13004
13004
13014
13004
13004
13024
13014
13014
13014
13025
13004
13015
13104
13014
13004
13015
12994
13005
14136
14718
15108
13005
13014
13004
13004
13005
13024
12994
13014
13004
13015
13004
13004
13014
13004
13004
13005
13004
13014
13004
34214
13145
13024
13014
13014
13005
13004
13015
13004
13004
13025
13014
13004
13004
13014
13014
13014
13004
13014
13014
13004
13014
13004
13005
13004
13004
13014
13005
13004
13004
13004
12994
13004
12994
13014
13004
13004
13014
13004
13014
13004
13004
13005
13014
13014
13015
13014
13004
13004
13014
13014
13005
13014
13004
13004
13004
12994
13014
13024
13014
13015
13014
13015
13004
13005
13004
13005
13024
13014
13014
13014
13014
13014
13024
30607
13115
13004
13025
13004
12994
13014
13005
12994
12994
13004
13004
12994
12994
12994
12994
12994
13004
13004
13005
12994
13005
12994
12994
13004
12994
13005
12994
12995
12994
12994
13004
12994
12994
13004
13004
13004
13005
13004
12994
13004
12994
13005
13004
12995
13004
13005
12994
12994
13004
12984
13005
13014
12994
12984
13005
12994
12994
12994
12994
12994
12994
12995
12994
12994
12984
12994
12984
12994
12984
12994
13004
12994
12994
12994
24546
13114
13014
12994
13005
12984
12985
12994
12994
12994
13004
12994
12984
12994
15959
13074
12995
12984
12994
12984
12994
12985
12994
12994
12994
12984
12994
12984
12995
12984
12995
12984
12984
13004
12994
12995
12994
12974
12994
12984
12985
12994
12985
12984
12984
12994
12994
12995
13004
12994
12984
12984
12984
12984
12984
12994
12995
12984
12994
12984
12984
12985
12994
12974
12984
12974
13005
12974
12994
12984
12994
12974
12974
12984
12974
25327
13115
13015
12984
12994
12985
12994
12985
12994
12994
12994
12984
13015
12984
12985
12984
12994
12994
12984
12994
12994
13005
12984
12994
12994
12994
12994
12984
12985
12984
12994
12984
12984
12995
12994
12985
13004
12994
13004
12994
12985
12984
12984
12994
12994
12984
12984
12995
12984
13005
13004
12984
13004
12984
13005
12994
12985
12984
13004
12984
12984
12995
12994
12984
12984
12984
12995
13004
13005
12984
13005
12984
12984
12995
13004
33162
13165
13034
13004
13014
13015
13014
13015
13004
13015
13014
13004
13014
13014
13014
13014
13014
13014
13014
13004
13004
13014
13024
13004
13025
13014
13024
13004
13014
13014
13004
13014
13014
13014
13014
13015
13004
13015
13014
13015
13024
13025
13014
13014
13014
13005
13004
13024
13004
13014
13014
13004
13004
13004
13025
13004
13015
13004
13004
13014
13014
13024
13014
13015
13004
13015
13014
13014
13014
13015
13014
13014
13024
13015
13014
26259
13135
13064
13015
13024
13024
13024
13004
13014
13015
13014
13015
13004
12993
13014
13015
13014
13005
13014
13014
13014
13004
13015
13034
13024
13014
13014
13004
13004
13014
13005
12994
13004
13004
13014
13004
13014
13014
13004
13004
13004
12995
13004
12995
12994
12994
13004
12994
13004
13004
13015
13014
13005
13014
13025
13004
12994
12984
12994
12994
13004
12994
12984
12995
12994
13005
12994
13004
12985
12994
12995
13004
12995
12994
12994
32801
13074
13024
13024
13015
13024
13015
13024
13014
13014
13014
13014
13024
13024
13024
13014
13014
13024
13024
13004
13004
13014
13014
13024
13014
13015
13014
13004
13014
13014
13024
13015
13014
13025
13014
13024
13014
13024
13015
13024
13005
13014
13025
13014
13005
13004
13025
13014
13015
13004
13024
13014
13014
13014
13014
13015
13014
13015
13024
13014
13014
13004
13014
13005
13014
13025
13024
13014
13014
13024
13024
13014
13015
13004
13024
30848
13064
13004
12994
12994
12994
12994
12995
12994
12994
12994
12994
12984
12994
13014
13004
12995
12994
13005
13004
13004
12995
12994
12994
13004
13004
12994
12994
12994
13004
12994
13004
12984
12994
12994
13004
12994
13004
12994
13015
12994
13004
12994
12995
12994
12994
13024
13004
12995
12994
12995
12994
12995
12994
12984
13004
12984
13005
12984
13005
12984
13004
12995
12994
13005
12994
12984
13004
13004
12994
12994
13005
13004
13015
13204
13155
13024
13034
13014
13024
13015
13004
13004
13004
13014
13015
13014
13005
13014
13005
13004
13015
13004
13014
13004
13004
13005
13014
13004
13004
13005
13014
13004
13014
13014
13014
12994
13004
13014
13025
13004
13004
12994
13005
13014
13014
13014
13014
13004
13004
13014
13014
13004
13004
12995
13004
13015
12994
13014
12994
12995
13094
13024
13014
13004
13004
12994
12984
12994
12994
13004
13004
13004
12993
13004
12995
12994
13004
12994
33342
13075
12994
12985
12974
12974
12995
12994
12973
12964
12974
12964
12994
12973
12964
12964
12975
12984
12974
12974
12974
12974
12964
12995
12974
12994
12985
12974
12994
12974
12974
12975
12974
12975
12964
12984
12984
12994
12985
12984
12964
12965
12984
12975
12964
12974
12974
12974
12974
12974
12964
12974
12984
12974
12994
12994
12974
12984
12975
12994
12974
12974
12974
12994
12984
12974
12964
12994
12994
12974
12994
12974
12984
12984
13174
29485
13055
13004
13004
13004
12994
13004
13004
13004
12994
13004
12994
12995
12994
12995
13004
12994
12994
13004
13014
13004
13005
13004
13005
13004
13005
13004
12994
12995
12994
12994
13004
13014
13014
12995
13004
13005
13014
13004
13004
12994
13005
12994
12994
12994
12994
13004
13014
12994
13004
12994
12994
13015
13034
15489
15468
12994
12994
13004
13004
12995
13014
13015
13014
12994
13004
12994
13014
13004
13014
13004
13015
13004
13004
32480
13084
13045
13024
13024
13014
13015
13004
13014
13004
13024
13005
13014
13015
13004
13004
13004
13015
13014
13025
13014
13015
13004
13004
13024
13014
13015
13004
13014
13024
13015
13014
13015
13014
13035
13004
13024
13014
13025
13014
13004
12994
12994
13005
13004
13005
13004
13014
13014
13004
13014
13004
13014
13014
13004
12994
13004
13004
13005
13024
13025
13014
13014
13014
13014
13035
13014
13015
13024
13024
13014
13015
13004
13015
13004
27612
13054
12995
12994
12994
12984
12995
12994
12994
12994
13004
12994
13004
15199
13094
12994
12984
12975
12984
12984
12994
12974
12984
12974
12984
12974
12974
12974
12974
12975
12974
12984
12974
12974
12974
12974
12994
12973
12974
12984
12984
12984
12964
12964
12974
12984
12984
12975
12974
12984
12984
12984
12975
12984
12974
12974
12974
12993
12964
12984
12984
12984
12964
12974
12984
12984
12964
12975
12984
12984
12984
12984
12975
12974
31859
13074
12984
12984
12984
12994
12994
12985
12974
12975
12984
12984
12985
12974
12975
12984
12984
12975
12984
12994
12974
12974
12984
12984
12985
12984
12984
12985
12974
12974
12974
12984
12974
12974
12994
12974
12984
12975
12974
12975
12974
12974
12974
12974
12974
12984
12974
12974
12974
12975
12974
12974
12985
12984
12975
12984
12974
12974
12984
12975
12974
12974
12975
12984
12974
12984
12974
12973
12974
12974
12984
12974
12984
12974
12974
12974
28884
13024
12974
12984
12954
12964
12964
12974
12954
12965
12964
12964
12973
12964
12964
12975
12974
12965
12964
12964
12975
12964
12964
12974
12964
12964
12964
12974
12974
12974
12973
12964
12954
12985
12974
12974
12964
12964
12975
12984
12965
12964
12974
12964
12964
12964
12964
12964
12965
12964
12964
12964
12964
12965
12964
12974
12965
12984
12975
12974
12984
12964
12974
12964
12984
12974
12974
12964
12964
12964
12964
12975
12974
12974
34474
13064
13004
12984
12984
12994
12985
12974
12974
12974
12994
12994
12974
12984
12974
12974
12995
12994
12984
12984
12984
12984
12994
12995
12984
12994
12975
12984
12985
12994
12995
12994
12984
12994
12994
12994
12984
12974
12995
12994
12984
12984
12995
12994
12994
12995
12994
12984
12984
12984
12994
12994
12985
12984
12984
12984
12994
12994
12994
12984
12994
12995
12994
13004
12994
12984
12984
12994
12995
12994
12994
13004
12994
12994
12994
37420
13064
13014
12995
12984
12994
12984
12994
12984
12984
12995
12984
12994
12985
12994
12984
12974
12994
13004
12994
12984
12984
12984
12994
12994
12994
12984
12975
12994
12984
13004
12984
12994
12984
13004
12984
12974
12984
12994
12995
12984
12975
12974
12984
12974
12994
13004
12984
12984
12994
12994
12974
12974
12973
13034
15438
15449
12973
13004
12985
13004
12984
12994
12984
12984
12984
12984
12984
12984
12975
12974
12994
12994
12974
25998
13035
13004
12974
12974
12984
12974
12984
12974
12974
12974
12985
12974
12974
12985
12984
12974
12974
12984
12974
12974
12973
12974
12974
12985
12974
12985
12974
12974
12985
12984
12975
12974
12984
12974
12964
12974
12974
12974
12974
12964
12965
12974
12984
12974
12974
12985
12974
12974
12975
12964
12985
12974
12974
12975
12964
12974
12974
12974
12975
12984
12974
12974
12974
12973
12974
12984
13085
13004
12965
12974
12974
12975
12974
35206
13055
12984
12974
12964
12974
12974
12984
12984
12975
12964
12984
12974
12974
12964
12984
12974
12975
12984
12973
12964
12964
12964
12964
12975
12974
12974
12975
12984
12965
12984
12974
12984
12964
12974
12984
12974
12974
12974
12974
12974
12974
12975
12984
12974
12974
12974
12984
12974
12974
12974
12974
12975
12974
12984
12974
12974
12974
12974
12974
12974
12974
12965
12964
12974
12965
12974
12975
12974
12964
12964
12964
12974
12965
12964
27782
13095
12984
12985
12994
12984
12994
12984
12984
12994
12995
12994
12984
12984
12984
12985
12994
12994
12994
13004
12985
12984
12984
12984
12984
12994
12984
12984
12984
12984
12994
12984
12985
12994
12994
12984
12974
12995
12994
12984
12984
12994
12995
12984
12994
12984
12995
12984
12974
12995
12984
12994
12994
12994
12974
12974
12984
12974
12974
12974
12984
12975
12984
12994
12974
12984
12975
12974
12984
12974
12984
12973
12994
12974
12984
24075
13084
12984
12974
12965
12974
12974
12974
12974
12964
12974
12964
12965
12964
12985
12974
12964
12974
12984
12964
12984
12984
12984
12984
12985
12984
12974
12995
12984
12974
12984
12994
12984
12974
12984
12974
12984
12984
12974
12984
12994
12984
12984
12974
12974
12984
12984
12984
12984
12985
12994
12985
12994
12984
12994
12994
12984
12984
12985
12984
12984
12994
12994
12975
12984
12984
12985
12984
12994
12994
12985
12984
12974
12985
12984
28583
13074
13004
13014
13004
12994
12994
13004
13004
12994
12994
13005
12994
12995
12984
13004
13005
12994
13005
12994
12995
12984
12994
12994
13004
12995
12994
12995
12994
13004
12994
12994
12994
12994
13005
12994
12994
12995
12984
13005
13004
12994
13014
13004
12994
13004
12994
12994
12994
12994
12994
13004
12994
13014
13014
13015
13004
13004
13004
13015
12994
13004
13015
13014
12985
13004
13015
13004
13014
13014
13004
13004
13004
13014
13004
35005
13124
13014
12984
12995
12984
12994
12994
12984
12984
12984
12994
12994
12984
15489
13064
13004
12994
12984
12995
12994
12994
12994
12984
12994
12994
12995
12984
13005
13004
13004
12994
12994
13004
13004
12995
13004
12994
13004
13004
13004
12994
13005
12994
12994
13004
12994
13014
13004
13005
13014
13004
13004
13005
13004
13005
12994
13004
13004
13004
13004
12994
13004
13004
13004
13004
13004
13005
13004
13004
13004
12994
13004
13004
13004
34705
13114
13024
13034
13014
13024
13025
13014
13014
13014
13014
13014
13014
13024
13015
13014
13015
13014
13024
13014
13014
13014
13014
13014
13014
13024
13004
13014
13004
13024
13004
13005
13004
13014
13005
13004
13025
13014
13014
13024
13004
13004
13004
13024
13005
13014
13014
13004
13004
13004
13004
13014
13014
13015
13014
13014
13014
13015
13014
13014
13014
13014
13014
13014
13014
13024
13014
13014
13034
13014
13024
13014
13025
13014
29445
13064
13004
13005
12994
13014
13004
12994
12994
13014
12995
13004
12994
13014
12994
13004
12984
13005
12994
13004
12994
13005
12994
13004
12994
13014
12984
13004
12984
13004
12984
12994
12995
13014
12984
12994
12994
13005
13004
12994
12994
13004
12995
13004
12994
13004
12984
12994
12994
13004
12994
12995
13004
12994
12994
12984
12995
13004
12984
13014
12984
13014
13005
13004
13004
13005
12984
13005
12984
13015
12994
12994
12995
12994
12984
25758
13085
13034
12994
13004
12994
12994
12984
12985
12984
12994
12994
12994
12994
13004
12995
13004
12995
12994
12994
13004
13014
12995
13004
13005
13004
12994
13014
13004
12995
12994
13004
13004
12994
12994
13005
12994
12994
12994
12994
12995
13004
13005
12994
12994
12994
12994
12994
12994
12994
12994
12994
13004
12994
12995
12994
12994
12994
13005
12994
13004
13004
12994
13004
13004
12995
12994
12994
12994
12994
12995
12994
12994
12994
12994
25968
13094
13024
13004
13004
12995
13024
12994
12994
12994
12994
13004
12995
13014
12994
13014
12984
13004
12994
13004
12994
13005
13004
13004
12995
13014
12995
13014
13004
13004
12995
13004
13004
12995
12994
13014
12994
13014
12984
13024
12994
12994
13004
13014
12995
12994
12994
13004
13004
12994
12994
13004
13004
12994
12994
12994
12994
14848
14657
14397
12994
12984
13004
12994
12984
12994
12984
12994
12984
12984
12994
12995
12984
12994
13005
27040
13054
13114
13024
13015
13024
12994
13024
13004
12984
13004
12994
13004
13005
13004
13005
13004
12995
13014
12995
12994
12994
12995
13014
12995
12994
13024
12984
13024
12994
13014
13004
13004
12993
12994
12995
12994
12994
12995
12994
12984
12994
12984
12994
12994
12985
12994
12994
12994
12994
12994
13024
12995
12994
13015
12994
13015
13014
12994
13024
13004
13024
13004
12985
13024
12984
13024
12995
13004
12994
13004
12994
13005
12994
35106
13094
13005
12984
12984
12994
12974
12974
12974
12985
12984
12984
12975
12974
12975
12964
12974
12974
12974
12974
12994
12984
12985
12974
12994
12984
12984
12974
12974
12974
12964
12984
12974
12984
12984
12964
12974
12975
12974
12975
12974
12974
12964
12974
12984
12975
12984
12985
12984
12994
12984
12984
12964
12974
12974
12985
12974
12974
12974
12984
12975
12984
12985
12984
12974
12964
12974
12964
12974
12974
12965
12974
12974
12974
12964
35176
13064
13004
13014
12994
13004
13005
13014
12993
13004
12995
12994
13004
12994
13004
12995
13004
13004
12994
13005
13004
13004
13004
12994
13005
12994
13014
12994
13004
13014
13004
13005
12994
12995
13004
12994
13004
13004
13004
13014
12994
13004
13004
12994
12994
13014
12994
13014
12994
13004
13004
13005
13014
13005
13004
13014
13025
15539
15309
13145
13004
12994
13004
12994
13005
13004
13004
13014
13014
13014
13004
12995
13014
13004
29104
13125
13024
13005
13004
13015
13024
13005
13004
13014
13004
13024
13014
13014
13004
13004
13014
13004
13004
13004
13004
13014
13004
13004
13004
13005
13014
13014
13004
13005
13004
13005
13004
13014
13004
13014
13015
13004
13004
13014
13015
13004
13005
13014
13014
13015
13004
13014
13004
13014
13004
13015
13014
13004
13014
13014
13014
13004
13014
13004
13005
13004
13004
13004
13004
13004
13004
13004
12994
13014
13014
13005
13004
13005
13004
33753
13065
13024
13005
13014
13004
13004
13004
13014
13004
13005
13004
13005
13004
13004
13014
13005
13014
13024
13014
13024
13005
13024
13015
13004
13014
13014
13005
13014
13004
13004
13014
13024
13014
13015
13014
13015
13014
13005
13014
13005
13004
13024
13014
13004
13005
13004
13025
13014
13004
13004
13004
13014
13004
13004
13004
13004
13004
13014
13004
13004
13004
13004
13014
13005
13004
13014
13014
13014
12995
13014
13004
13004
13004
13004
27411
13025
13014
13025
13014
13014
13014
13014
13014
13015
13004
13014
13014
13025
15639
13044
12984
12984
12974
12984
12984
12984
12984
12995
12974
12984
12984
12994
12975
12994
12984
12994
12974
12984
12974
12984
12984
12974
12994
12984
12995
12974
12975
12994
12974
12985
12984
12985
12974
12984
12985
13004
12975
12994
12974
12995
12974
14668
14657
14558
12994
12975
12984
12994
12994
12974
12985
12974
12994
12965
12984
12975
12974
12994
28584
13125
13024
12994
12994
12984
12995
12984
12995
12994
12984
12994
12984
12985
12984
12985
12984
12994
12985
12984
12984
12984
12994
12984
12994
12995
12984
12994
12984
12994
12995
12984
12994
12984
12995
12984
12994
12994
12994
12995
12984
12984
12994
12994
12985
12984
13004
12984
12984
12984
12984
12985
12984
12984
12994
12974
12973
12994
15449
14617
13805
12984
12994
12974
12984
12984
12984
12974
12974
12984
12985
12984
12975
12984
12984
26490
13054
13004
13014
13004
13004
12984
12984
13004
13004
12994
13005
12994
13004
12984
13004
12994
13004
12994
12994
12995
12994
13005
12994
12995
12984
13004
12994
12994
12984
13004
12995
12994
12994
13015
13004
12994
13004
12984
12994
13014
12984
12984
12995
13004
12985
12994
12994
12995
12984
12993
12994
12985
12994
12994
12995
13004
12993
12984
12995
12994
12994
12994
12984
13005
12994
12984
12984
12994
12994
12994
12985
12984
13004
12984
25878
13055
13024
13004
13014
13024
13014
13004
13014
13005
13014
13005
13004
12995
13004
13004
13014
13014
13024
13004
13014
13004
13015
13004
13005
13004
13014
13004
13004
13015
12994
13014
13004
13004
13004
13005
12994
13004
13004
13014
13015
13004
12995
13004
13015
13004
13005
13004
13004
12995
13004
13005
13014
13015
13004
13005
13004
13005
13014
13004
13005
13004
13005
13014
13005
13004
13004
13014
13015
13004
13014
13034
13024
13025
12994
25227
13044
13015
13014
12994
13004
13004
13004
13004
13004
12994
13005
13004
13104
13004
13004
13004
13004
13005
12994
13004
12994
13004
13004
13014
12994
13004
12995
12994
12994
13004
12995
12994
12994
13004
12994
12994
13004
13004
13004
12994
13004
13004
13004
12994
13005
13004
13004
13004
13004
12994
13004
12994
12994
13005
12994
13004
13004
14066
14697
15179
12994
13004
13004
13004
13004
13004
12993
12994
13005
12994
13014
12995
13004
27711
13105
13014
12995
12994
12984
12994
12994
12994
12994
12994
12994
13005
13004
12994
13004
12994
12995
12984
12995
12994
12994
12994
12994
12984
12984
12994
13004
12984
13004
12984
12994
13004
12994
12994
12994
12994
12994
12994
12994
12994
13004
13004
12994
12994
13004
12994
13004
12994
12984
12994
12995
12984
13004
12995
13004
12984
12984
13004
12994
12994
12994
12994
12984
13004
13005
12994
12984
12994
13004
13004
12994
12994
12994
12994
31598
13044
13015
12984
12984
12994
12984
12985
12984
12994
12984
12994
12974
12984
12993
12994
12995
12994
12994
12995
12984
12985
12984
12984
12984
12984
12984
13004
12994
12994
12994
12984
12984
12994
12994
12994
12994
12984
12995
12984
12975
12994
12984
12994
12984
12985
12994
12985
12994
12984
12984
12994
12985
12984
12985
12994
12994
12974
12994
12985
12984
12994
12984
12984
12995
12994
12985
12984
12994
13004
12994
12984
12994
13005
13014
31178
13055
13014
13004
13004
12994
12994
12985
13004
12994
12995
12994
12984
12994
12984
12994
12994
12995
12984
13005
12994
12994
12984
12994
13005
13004
12994
13004
12995
12994
12994
12985
12984
12995
12994
12995
12994
12994
12984
12994
13004
12994
12995
13004
12984
12985
12994
12995
13004
13004
12994
13005
12994
12994
12984
12994
12994
12994
12994
12994
12994
12994
12984
12994
12984
12994
12994
12984
12995
12994
12984
12984
12994
12984
12994
30938
13085
13024
13025
13014
13015
13004
13025
13014
13024
13024
13014
13024
13014
13025
13014
13014
13014
13015
13014
13024
13014
13014
13024
13015
13014
13014
13024
13014
13014
13014
13014
13014
13014
13024
13014
13014
13014
13014
13014
13014
13014
13014
13014
13004
13014
13025
13024
13015
13014
13024
13024
13015
13014
13024
13014
13015
13014
13024
13014
13014
13014
13014
13015
13014
13025
13024
13025
13024
13024
13014
13014
13024
13015
13224
31278
13065
13024
13014
13014
13014
13024
13024
13004
13025
13014
13034
13014
13014
13024
13024
13014
13015
13014
13014
13014
13014
13014
13014
13025
13014
13024
13024
13005
13014
13015
13024
13004
13014
13014
13014
13015
13004
13014
13024
13024
13025
13004
13024
13004
13004
13004
13025
13014
13014
13024
13015
13024
13024
13024
13015
13004
13014
13024
13024
13015
13014
13025
13014
13014
13014
13015
13024
13025
13014
13024
13024
13024
13014
28453
13175
12994
12994
12994
13015
13004
13004
12984
13004
12994
13005
12994
12994
15448
13105
13014
12984
12974
12975
12974
12964
12964
12974
12964
12974
12964
12965
12974
12974
12964
12974
12964
12964
12974
12964
12974
12964
12974
12964
12964
12974
12973
12964
12974
12964
12964
12964
12964
12974
12975
12964
12964
12955
12974
12964
12964
12974
12964
12974
12974
12974
12964
12975
12974
12974
12975
12974
12975
12964
12974
12974
12974
12974
12974
30627
13115
13034
13015
13014
13015
13024
13025
13034
13024
13014
13025
13024
13015
13024
13025
13014
13014
13024
13024
13034
13024
13015
13014
13024
13024
13014
13014
13015
13014
13025
13024
13024
13024
13024
13024
13024
13024
13024
13014
13024
13024
13024
13024
13024
13034
13024
13014
13014
13025
13024
13015
13024
13024
13014
13014
13034
13024
13024
13005
13014
13025
13014
13014
13024
13014
13004
13004
13024
13034
13024
13004
13035
13024
13025
28453
13095
13034
13014
13024
13004
13004
13015
13004
13014
13004
13014
13004
13014
13004
13014
12995
13004
13004
13004
12994
13004
13004
13004
13004
12994
13004
13005
13004
13014
12994
13004
12995
13014
13005
13004
13014
13004
12994
12994
13004
12994
12994
13014
12994
13005
13004
12994
12994
13004
13004
13004
13004
12994
13005
12994
13004
12994
12994
12995
13004
12994
13014
13005
13004
12994
12994
12994
13005
13004
12995
12994
12994
13004
12994
30167
13064
13024
13004
13005
13014
13015
13004
13004
13004
13014
13014
13004
13015
13004
13004
13004
12994
12994
13004
13004
13004
13095
13024
12994
13004
12994
12994
13005
12994
12994
13004
13004
13005
12994
13015
13004
12995
13004
13004
13004
12994
13004
13004
12995
13004
13004
13004
13004
12994
13004
13005
13014
13005
13004
12994
12994
12994
13004
13004
13004
13004
13014
12994
12994
13004
13004
12994
13004
13004
13004
12994
13014
13005
29194
13115
13044
13014
12994
12994
12984
13005
12994
12994
13004
12994
12995
12994
12995
12984
13004
12995
12984
13005
12994
12984
12984
12994
12994
13004
12994
13004
13005
13004
12994
12994
12984
12995
12994
12995
12994
12995
12994
12994
13005
13004
12995
12984
12994
12994
12994
12984
12994
12994
12994
12994
12984
12984
13004
12994
12995
12994
13005
13004
13005
13004
13004
13005
12994
13005
13004
12995
12994
13005
13004
13004
13005
13004
13005
31028
13064
13055
12974
12973
12974
12985
12984
12984
12975
12984
12985
12974
12974
12985
12974
12974
12984
12994
12985
12984
12984
12984
12984
12985
12974
12984
12984
12985
12994
12974
12974
12994
12985
12984
12994
12984
12984
12994
12984
12984
12974
12984
12984
12984
12974
12984
12984
12974
12974
12975
12984
12974
12975
12984
12975
12984
12974
12975
12974
12964
12974
12984
12975
12984
12985
12984
12994
12984
12984
12984
12984
12974
12964
12964
29645
13064
13025
13024
12995
13004
13005
13004
13004
13005
12994
13004
13004
12994
13004
13014
13004
13014
13005
13004
13005
13014
13005
13004
13004
13004
13004
13004
13004
13014
12994
13005
13004
13004
13004
12994
13004
13004
13005
13004
13014
13014
13004
13004
13004
12994
12994
13015
13014
12995
13004
13005
13004
13014
13004
13024
13004
12994
12995
13004
13005
12994
12995
13004
12994
12994
13004
13025
13004
13015
13004
13005
13004
13004
13005
31940
13084
13035
13024
13025
13014
13015
13014
13024
13024
13035
13024
13025
13024
13014
13004
13014
13005
13004
13014
12994
13014
13014
13005
13014
13014
13004
13014
13005
13004
13015
13004
13015
13014
13004
13014
13005
13014
13004
13004
13014
13015
13004
13015
13014
13015
13004
13014
12994
13004
13004
13014
13005
13014
13004
13014
13004
13014
13005
13024
13005
13004
13004
13004
13014
13005
12994
12995
13004
13004
13014
13004
13014
13014
13014
28593
13065
13024
13025
13024
13015
13014
13014
13014
13015
13024
13015
13014
13014
13014
13024
13024
13035
13024
13014
13024
13014
13024
13024
13024
13014
13025
13014
13015
13024
13014
13004
13025
13014
13014
13024
13015
13024
13024
13014
13014
13024
13025
13024
13034
13024
13015
13014
13024
13024
13025
13004
13014
13005
13004
13004
13004
13014
13004
13015
13024
13014
13014
13004
13014
13004
13014
13014
13015
13024
13005
13014
13015
13014
33953
13094
13024
13024
13014
13014
13014
13014
13024
13014
13005
13014
13014
13005
13004
13004
13004
13014
13004
13004
13014
13024
13014
13014
13015
13004
13014
13014
13014
13004
13015
13024
13014
13004
13014
13014
13004
13015
13004
13014
13004
13015
13004
13014
13014
13014
13005
13004
13015
13014
13015
13014
13015
13034
13024
13034
13035
13034
13015
13024
13014
13034
13024
13014
13034
13015
13014
13014
13004
13005
13014
13015
13004
13024
13004
29154
13064
13044
13004
13015
13014
13024
13014
13004
13005
13014
13004
13004
13014
15849
13064
13004
12984
12984
12985
12994
12995
12984
12984
12975
12984
12975
12994
12984
12994
12994
12985
12984
12974
12994
12994
12984
12994
12985
13004
12984
12995
12994
12984
12994
12984
12984
12994
12984
13004
12995
12984
12994
12994
12984
12995
12984
12994
12994
12984
12995
12984
12974
12984
12984
12984
12984
12985
12994
12994
12995
13004
12994
12984
13004
30206
13074
13024
13014
13014
13014
13014
13014
13004
13014
13005
12994
13005
13004
13004
13004
13004
13014
13004
13005
13004
13015
13004
13005
13004
13005
13004
13014
13004
12994
13004
13004
13005
13004
13005
13004
13004
13004
13004
12994
13014
13005
13004
13004
13004
13004
13014
13004
13015
13004
13004
13014
12993
13004
13004
13014
13005
13004
13014
13004
13004
13004
13004
13004
13014
13004
13014
13005
13004
13014
13014
12994
13015
13004
12995
35506
13065
13014
13004
13004
12994
13004
12994
12994
12994
12984
12994
12994
13004
12994
12995
12984
12994
12994
13005
12994
12994
12995
12994
12985
12994
12995
12984
13004
12985
12984
12994
13084
13014
13004
12984
12995
13004
12994
12984
12984
12984
12984
12994
12994
12985
12994
12994
12995
12984
12994
12984
12984
13004
12994
12985
12994
12994
12984
12994
12984
12994
12985
12984
12994
12994
12984
12995
12994
12984
12994
13005
12994
12994
28814
13064
13014
13004
13004
13015
13004
12995
13014
12994
12994
12994
12984
12994
12984
12994
13005
12994
12984
12984
12984
12985
12984
12984
12995
12984
12994
12994
12984
12974
12994
13005
12994
12994
12984
13005
12994
12994
12995
13004
12994
12984
12974
12994
12994
12984
12974
12995
12994
12984
12994
12994
12994
13004
12995
12984
12994
12994
12994
12994
12994
13004
12994
12994
12984
13004
13005
13004
12995
13004
12994
12994
13004
13015
33212
13135
13074
13024
13034
13025
13024
13035
13024
13014
13014
13014
13014
13014
13014
13024
13024
13014
13014
13014
13024
13024
13024
13034
13035
13034
13015
13024
13014
13024
13035
13024
13014
13014
13014
13014
13004
13034
13024
13024
13014
13024
13014
13025
13024
13025
13014
13014
13014
13035
13014
13025
13024
13014
13014
13014
13024
13014
13024
13024
13025
13024
13024
13014
13025
13014
13014
13014
13014
13024
13015
13034
13015
13024
13014
32120
13084
13035
13014
13005
12994
12994
12994
13014
12994
13004
13005
12984
12994
12994
12994
12994
12994
13004
12994
12985
12994
12994
12984
12984
12995
12994
12995
12994
12994
12984
12994
12994
12994
12995
12994
12994
12994
13004
13005
12994
12995
13004
12994
13014
13004
12994
12994
13005
12994
12995
12994
12994
13004
12984
12995
13004
12995
12994
12995
12994
12984
12994
13004
13005
12994
13005
13004
13005
12994
13004
12994
12994
12994
12994
33302
13064
13004
13004
13004
13005
13004
13015
12994
13004
13004
13004
13004
13004
13014
12994
13005
13004
13005
12994
13004
12995
13004
12995
12994
13004
13004
12994
13004
12994
13014
12994
12993
12994
12994
12994
12994
12994
12984
12985
12994
13005
13004
12994
12994
12994
13004
12994
12984
12994
12994
12994
12994
12995
12994
12994
12994
13005
12984
12994
12994
12994
12994
12994
12984
12994
12994
12984
12984
12995
12994
12984
12995
12994
12985
37960
13034
13004
12994
13004
13004
12994
13015
12994
13005
13014
13005
12994
12985
12994
12994
12994
12994
12995
13004
13004
12994
12994
12994
12994
12994
12994
12995
12994
12995
12994
13004
13005
13004
12994
13004
12995
12994
12994
13004
12994
12995
12994
13004
12994
12995
13004
12994
13005
13004
12995
13014
12985
12994
12995
12994
12984
12984
12994
12993
13004
12995
13004
12994
12984
12994
13004
12994
13004
12994
13004
12994
12994
12994
25738
13055
13014
13025
13004
13014
13004
13024
13014
13014
13004
13004
13004
13024
13014
13024
13015
13024
13014
13014
13004
13024
13014
13015
13024
13024
13014
13015
13004
13014
13014
13014
13034
13004
13024
13024
13015
13024
13014
13024
13025
13014
13034
13014
13025
13014
13004
13034
13014
13024
13024
13014
13004
13024
13014
13024
13014
13015
13014
13025
13004
13015
13024
13014
13034
13014
13024
13015
13014
13014
13004
13014
13034
13014
28052
13135
13014
13004
13004
13014
12995
13004
13014
12994
13015
13014
13015
13004
12994
13005
13014
13004
12994
12995
13014
13024
13004
13004
13004
13014
13015
13004
13014
13004
13015
13004
13024
13014
13025
13034
13004
13024
13014
13015
13014
13025
13014
13014
13004
13015
13014
13004
13004
13015
13014
13014
13004
13014
13014
13014
13024
13014
13004
13004
13014
13004
15108
14677
14187
13004
13005
12994
12994
13004
13004
12994
13004
12995
13004
29776
13104
13035
13034
13025
13014
13015
13034
13035
13024
13034
13024
13025
13014
15248
13104
13004
12974
12974
12974
12974
12964
12974
12985
12974
12995
12964
12964
12975
12974
12964
12974
12974
12974
12974
12974
12974
12974
12974
12974
12974
12975
12964
12974
12974
12974
12964
12974
12974
12965
12984
12975
12974
12984
12984
12974
12964
12974
12974
12974
12984
12985
12974
12974
12975
12994
12975
12974
12984
12984
12984
12975
12984
12984
12975
33001
13094
13014
13014
13004
12994
13004
13004
13004
13015
13014
13004
12994
13014
12994
13014
12995
13014
13004
13034
13004
13014
13005
13014
13004
13024
13014
13005
13004
13005
13014
13014
13014
13005
13004
13014
13014
13014
13014
13004
13005
13014
13005
13004
13085
13034
12994
13014
17453
13154
13034
13024
12994
12984
12994
16601
13235
13024
12994
12994
17002
13104
13004
17472
13104
12994
15249
13074
17783
13224
12985
15278
29385
13095
15499
13155
12994
12984
15158
13204
15429
13205
13004
16481
13165
13015
17192
13135
16320
13105
12994
13315
13004
16782
13104
13004
16631
13034
19095
14106
13035
16230
13165
16561
13085
13004
16641
13154
15890
13095
12994
13004
13004
16832
13165
13004
16220
13104
16241
13094
13004
16671
13074
17101
13115
13014
16381
13104
18495
15039
14437
16320
13105
16511
13165
16921
13255
13014
16541
13304
38832
13165
13014
13015
16340
13215
13005
16621
13104
16120
13094
13034
17032
13024
16410
13085
16541
13125
16631
13185
12994
16791
13074
16441
13095
13004
16591
13135
16621
13115
13024
17623
13184
17132
13295
13004
16551
13185
16591
13134
13004
17202
13124
17032
13165
16441
13225
13014
16200
13074
15620
13104
15719
13235
13024
16772
13074
16530
13135
13035
16180
13175
13044
16711
13094
16481
13074
48531
13114
13024
15419
13095
13024
16631
13095
13014
16660
13054
13004
16210
13155
12994
16471
13135
13014
16170
13084
13015
16521
13055
16541
13074
16331
13125
13004
17312
13545
13045
16581
13094
13004
17473
13064
13004
13004
12984
12994
12995
12994
12994
12995
12994
13004
12994
12995
12994
12994
12994
12994
12985
12994
12994
12994
12994
13004
12994
12995
12994
12994
12994
12994
12984
12994
12984
13004
12994
12994
27211
13104
13034
13004
13005
13004
13005
13004
13004
12994
13004
12994
13004
13004
12994
13005
13004
13014
12994
13004
13014
13014
12995
12994
13004
13004
12995
12994
12984
13015
12994
13005
13004
13014
13004
12995
12994
13014
12995
12994
12984
13004
12984
13004
12994
13005
12994
13004
12994
13005
12994
12994
12994
12994
12993
13004
13005
13004
12994
13014
13004
13005
12994
13015
13004
13004
13004
12994
12994
12994
12994
12994
12994
12994
45745
13084
13004
13024
13004
12984
12994
13015
12984
12994
12984
13014
12994
12974
12994
12994
12984
12995
12984
12994
13004
13015
12984
12994
12994
12984
13005
13004
13015
13004
12984
12994
12994
12995
12984
12985
13004
12984
12995
13014
12994
12984
12984
12994
12984
12985
12994
12994
12994
12994
12984
13014
12995
13004
12994
12984
13004
12984
13014
12985
12994
12994
12994
12985
12994
12994
12985
13004
13004
13014
13014
13014
13004
13014
13014
28353
13074
13025
13004
13004
12994
12984
13005
13004
12995
12994
12994
12995
13004
13004
12994
13005
12994
12995
12994
13014
12995
12994
13004
13004
12995
13004
12994
13014
13004
12995
13004
13014
13004
13004
12994
13004
13005
12994
12995
13004
13005
12994
13004
12984
13004
12994
12994
12994
12994
13005
13004
13004
13005
12994
13004
13004
12994
12994
12994
13014
13004
13015
13004
13014
13004
13004
12994
13005
13004
13004
13005
13004
13015
33933
13095
13024
13014
13014
13015
13024
13024
13014
13005
13014
13024
13014
13004
13025
13014
13004
13024
13025
13014
13015
13024
13004
13014
13004
13014
13024
13014
13004
13015
13014
13025
13014
13024
13004
13015
13014
13015
13004
13024
13015
13014
13035
13024
13024
13034
13025
13024
13014
13024
13025
13014
13025
13024
13015
13034
13015
13024
13014
13024
13024
13024
13024
13014
13034
13024
13024
13025
13014
13024
13034
13025
13024
13025
13224
29104
13094
13024
13015
13014
13004
13024
13004
13024
13024
13014
13014
13024
13004
13014
13004
13015
13014
13004
13014
13014
13004
13014
13005
13014
13015
13024
13015
13014
13004
13014
13014
13004
13004
13014
13004
13005
13004
13004
13004
13015
13014
13004
13004
13014
13015
13014
13014
13014
13015
13014
13014
13004
13024
13014
13014
13004
13014
13015
13014
13015
13014
13015
13004
13024
13014
13025
13014
13004
13014
12994
12994
13014
13014
30156
13095
13014
13004
13004
13004
13004
13015
13004
13004
13005
13004
13025
13004
13004
15328
13054
12994
13004
13004
13005
12994
12985
12994
13004
12994
13004
12995
12984
12985
12994
12994
12995
12994
12984
12994
12984
12994
12994
13005
12994
12995
12984
13004
13004
12994
12994
13004
12995
12984
12984
12994
12994
12984
13004
13004
12994
12994
12984
13004
12994
12994
13014
13014
13005
13004
13014
13004
13014
13005
13014
12994
12994
13005
13004
28012
13095
13094
13015
13014
13014
13014
13014
12994
13014
13004
12994
13015
13004
13004
13004
13015
13014
13004
13005
13004
13005
13004
13004
12994
13005
13004
12994
13004
13004
13014
13004
13004
13014
13005
13004
13004
13004
13004
13004
13004
12994
13004
13004
13004
13004
13004
13014
13004
13004
13005
13004
13005
13004
13004
13004
13004
13015
13014
13004
12994
13005
13004
12994
12995
13004
13014
13004
13005
13004
13014
12994
13014
13005
30116
13095
13024
13025
13024
13005
13004
13014
13014
13004
13004
13014
13024
13004
13005
13004
13005
13014
13014
13014
13014
13004
13005
13004
13014
13005
13004
13005
13014
13004
13014
13005
13024
13005
13004
13015
13014
13004
13015
13014
13015
13004
13004
13014
13024
13014
13005
13024
13014
13004
13014
13004
13004
13005
13024
13015
13004
13004
13014
13005
13014
13005
13004
13014
13025
13004
13015
13014
13005
13014
13005
13004
13014
13004
13014
30867
13065
13024
13015
13034
13015
13024
13014
13034
13024
13014
13024
13024
13024
13024
13024
13014
13014
13024
13024
13024
13024
13024
13024
13024
13014
13015
13014
13014
13024
13024
13014
13015
13014
13034
13014
13025
13024
13014
13024
13014
13014
13024
13025
13014
13014
13024
13015
13024
13015
13024
13025
13024
13015
13024
13014
13024
13024
13024
13015
13034
13015
13014
13024
13024
13014
13015
13024
13015
13024
13014
13024
13015
13014
27832
13084
13034
13035
13014
13045
13024
13035
13034
13025
13024
13035
13034
13034
13024
13025
13034
13034
13024
13025
13024
13035
13024
13044
13024
13034
13034
13034
13034
13034
13024
13025
13044
13034
13034
13034
13024
13034
13034
13044
13034
13045
13024
13034
13024
13025
13034
13044
13024
13034
13024
13035
13024
13034
13034
13035
13024
13024
13014
13025
13034
13024
13024
13015
13024
13025
13024
13025
13024
13025
13014
13024
13034
13034
13014
32541
13115
13024
13004
13024
13034
13014
13014
13025
16391
13114
13015
13034
12995
12994
12995
13004
13005
12994
12994
12995
13004
12984
12994
12995
13004
12984
12994
12994
13004
12984
13005
13004
13004
12994
13004
12995
12994
12995
12994
12995
12994
13004
12994
12994
13005
12994
12994
12994
13004
13005
13004
12995
12994
12995
12994
12994
12995
13004
12994
12984
13004
12984
12994
13004
13004
13004
12994
12995
13014
12995
12994
12994
13004
13195
27241
13105
13004
12994
13014
13015
13004
13014
12994
13004
13004
13004
12994
13004
12994
13004
13004
13004
13014
13005
12994
13004
13004
13014
13004
12994
12994
12994
13004
13004
12995
12994
12994
13014
13004
13014
13004
13004
12994
13004
13014
12995
12994
13004
12994
12994
13004
13004
12995
13004
13005
13014
13005
12994
13005
13004
13015
13004
13014
13004
13004
13005
13004
13004
12994
13005
13004
13015
13004
13004
12995
13004
13005
13004
13005
35686
13064
13014
13005
13004
13005
13004
12994
13004
12994
12994
12994
12995
12994
13004
13004
13004
13004
13004
12994
12994
13014
12994
13005
12994
12994
12994
12994
13004
12994
12993
12994
12994
12994
13004
13005
12994
13004
12994
12995
13004
12994
12984
13004
12995
13004
13005
12994
12995
13004
12994
13014
13004
13005
12994
12994
12994
13004
12984
12984
13004
13004
12994
13014
12994
13004
12994
12995
12994
12984
12984
12994
12994
13004
45846
13095
12994
13005
13004
12994
13005
12994
12994
12994
13005
13014
12994
12994
13004
12995
13004
13005
12994
12995
13004
12994
12994
13004
12995
13004
12985
13004
13004
12994
12994
13004
12994
12995
12994
13004
12994
12994
12994
13004
12995
13004
13005
13004
13004
13005
13004
13005
13004
13004
13014
13005
13014
12994
12994
13004
13005
13004
13004
13014
13005
13014
13015
13004
13024
13005
13004
13004
13004
13015
13024
13004
13004
13004
72915
13174
13044
13024
13024
13024
13014
13014
13014
13014
13015
13014
13004
13024
13014
13024
13015
13014
13015
13014
13025
13014
13005
13024
13024
13024
13014
13025
13034
13024
13024
13024
13024
13025
13014
13034
13014
13014
13014
13015
13024
13014
13014
13025
13024
13015
13004
13024
13014
13014
13034
13014
13034
13014
13014
13024
13015
13014
13015
13014
13014
13014
13014
13024
13024
13014
13004
13024
13014
13025
13024
32832
13084
13024
13014
13015
13014
13015
13024
13035
13004
13024
13014
13025
13024
15730
13104
12995
12984
13075
13024
12994
12984
12985
12984
12984
12984
12984
12994
12984
12984
12994
12994
12984
12984
12984
12984
12994
12994
12984
12985
12984
12985
12994
12994
12995
12984
12984
12994
12994
12994
12974
12994
12994
12994
12994
12994
12984
12994
12973
12994
12994
12994
12974
12984
12984
12985
12994
12994
12985
12994
12984
12994
12995
12984
30928
13125
12994
13014
12994
13004
12994
13004
13004
13014
12995
13014
13004
13004
13004
12994
13004
13004
13004
13005
13014
13005
13004
13005
13014
13004
13005
13014
13004
13004
13005
12994
13004
13004
13014
13005
13004
13015
13004
13005
13014
13015
12994
13014
13014
13004
13014
12994
13014
13004
13015
13014
13024
13004
13004
13004
13014
13005
13004
13005
13014
13005
13004
13014
13014
13004
13014
13014
13014
13004
13015
13014
13015
13014
13004
33933
13084
13014
12995
12994
13004
12994
13004
13024
12994
13005
13004
13005
12994
12995
13004
13014
13004
13014
13015
12994
13014
13004
12995
13004
12995
12994
12994
13005
12994
12993
13004
13005
13004
13004
12994
12994
13005
13004
13024
13004
13014
13014
13005
13014
13005
12994
12994
13004
13014
12994
13004
13005
13004
13005
12994
12994
13004
12994
13004
12994
12995
13014
13004
13004
12994
12994
12994
12994
12994
13015
13004
13005
13004
12994
25167
13064
13005
12994
13004
13004
13014
12994
13004
13005
12994
12994
13004
12995
12994
12994
13015
12994
12995
12994
13004
13004
13004
13004
12994
12994
13004
12994
13004
13004
13004
12994
12994
13004
12995
13004
12995
12994
12995
12994
13004
12994
13004
13005
12994
13005
12994
13005
13004
12994
12995
13004
13004
13004
13005
13014
13015
13014
12994
12994
13004
12994
13004
13005
13004
13004
12994
12994
13004
12994
13015
12994
13005
12994
29265
13134
13024
13005
13004
13004
13025
12994
13005
13014
13005
12994
13005
13004
13004
13004
13014
13024
13004
13014
13004
13005
13004
12994
13004
12994
13014
12994
13005
12994
13004
12994
13005
13004
13004
12994
12994
13004
12994
13005
12994
12994
12994
12994
13004
13004
12994
13004
13015
13004
12994
13004
13004
12994
12994
13005
13004
12994
13014
13005
13004
13004
13004
12994
12994
13004
12995
13004
12995
12994
13004
13004
13004
13004
12994
177661
13806
13024
12994
13014
13014
13014
13004
13014
13004
12994
13005
13024
13005
13004
12995
12994
13015
13004
12994
13004
13014
13005
12994
13005
13024
12994
13004
13004
13024
13004
13015
12994
13015
13014
13004
13004
13015
13004
13004
13004
13014
13035
13014
12995
13014
13004
13014
13005
13004
13004
13014
13014
13004
13004
13015
13004
12994
13004
13004
13014
13004
12984
12994
13004
13164
13035
13034
13034
13034
13014
13044
13034
13024
13024
13034
13035
13014
13025
13034
13014
13034
13015
13034
13014
13034
13024
13024
13014
13044
13025
13034
13024
13024
13024
13034
13034
13034
13035
13024
13014
13034
13034
13014
13024
13024
13034
13035
13014
13015
13024
13034
13024
13024
13014
13025
13014
13025
13024
13025
13024
13024
13034
13024
13034
13025
13024
13024
13034
13034
13024
13024
13035
13034
13025
13024
13024
13024
13024
42369
13105
13024
12995
13014
12984
13014
13004
13005
13004
13004
12994
13014
13004
13004
12994
13004
12995
13004
13014
12994
13005
13014
13004
13004
12994
12995
13014
12995
12994
12994
13014
13004
12994
13004
12995
13004
12994
13004
12994
13034
12994
13004
12994
13015
12994
13005
13004
13004
13014
13004
12984
13004
13005
12994
13004
13004
13004
13004
12984
13004
12994
13015
12984
13014
12994
13014
13004
13004
13014
13024
13015
13004
12994
41206
13074
13025
13024
13025
13014
13014
13024
13014
13015
13024
13014
13014
13025
13014
13004
13014
13025
13004
13015
13024
13005
13024
13014
13024
13014
13025
13024
13035
13044
13044
13034
13024
13024
13044
13024
13024
13024
13015
13034
13034
13014
13014
13034
13024
13014
13004
13034
13014
13024
13015
13024
13045
13024
13025
13034
13035
13024
13034
13034
13034
13034
13025
13024
13014
13034
13014
13034
13014
13044
13024
13024
13034
13035
31148
13065
13014
13045
13014
13005
13004
13024
13014
13004
13004
12994
13015
13004
13005
13014
13024
13004
13005
13004
13024
13014
13015
13014
13035
13034
13014
13024
13014
13024
13014
13024
13014
13024
13024
13024
13014
13034
13014
13024
13104
13014
13014
13014
13034
13005
13004
12994
13014
13004
13014
13014
13005
13004
13015
13014
13015
13004
13004
13014
13004
13004
13024
13024
13004
13024
13004
13025
13004
13014
13024
13004
13024
13015
32430
13044
13044
13055
13004
13015
13024
13025
13014
13004
13034
13004
13024
13014
15639
13064
12994
12984
12995
12994
12995
13004
12994
13004
12994
13005
12984
13004
12984
13005
13004
12994
13004
12984
12994
12984
13014
12984
12994
13005
12994
12985
12994
12994
12994
13004
12994
12994
12984
13004
12985
13004
12984
13014
12984
13005
12994
13005
12994
13004
13004
12994
13005
12994
12993
13485
15048
15459
13015
12994
13004
12994
12995
13004
29365
13054
12994
12973
12984
12985
12974
12974
12985
12984
12985
12984
12984
12995
12984
12994
12974
12994
12994
12974
12985
12984
12995
12984
12984
12975
12994
12985
12984
12984
12994
12984
12984
12984
12994
13004
12984
12984
12984
12995
12994
12974
12984
12994
12985
12984
12985
12984
12994
12984
12984
12975
12984
12984
12974
12984
12994
12984
12985
12984
12984
12985
12984
12984
12984
12995
12994
12984
12974
12984
12984
12974
12974
12984
13004
32400
13084
13044
13055
13024
13015
13014
13025
13014
13014
13014
13034
13014
13014
13024
13044
13014
13014
13015
13014
13024
13014
13014
13014
13025
13024
13005
13024
13024
13024
13014
13014
13014
13025
13014
13014
13014
13025
13024
13025
13024
13025
13014
13004
13014
13014
13024
13034
13014
13024
13035
13024
13014
13004
13035
13014
13005
13024
13035
13014
13024
13024
13015
13034
13024
13004
13035
13034
13014
13024
13014
13034
13014
13024
27301
13075
13004
13015
13024
13015
13014
13024
13024
13024
13024
13004
13005
13014
13034
13014
13014
13004
13045
13014
13025
13014
13024
13034
13014
13014
13014
13024
13014
13014
13004
13034
13014
13015
13014
13004
13014
13015
13014
13025
13034
13014
13014
13024
13034
13025
13004
13014
13024
13024
13004
13004
13014
13034
13005
13014
13014
13044
13025
13014
13035
13034
13005
13024
13025
13014
13034
13024
13024
13014
13034
13024
13025
13014
13055
31378
13095
13004
13035
13024
12994
13004
12994
13004
13015
13014
12994
13015
12994
13015
13004
13025
13014
12995
13014
13015
13014
13004
12995
13014
13015
13014
12995
13014
13015
13004
13005
13014
13024
13004
13014
13005
13024
13015
13024
13035
13024
13025
13014
13024
13014
13025
13014
13014
13014
13034
13004
13024
13014
13004
13025
13024
13015
13014
13035
13024
13014
13024
13025
13014
13014
13425
15128
15499
13025
13014
13024
13034
13015
36728
13204
13054
13044
13044
13045
13044
13025
13024
13045
13024
13045
13024
13024
13024
13044
13024
13024
13034
13035
13034
13024
13034
13045
13024
13025
13034
13035
13034
13034
13044
13034
13044
13035
13034
13035
13044
13025
13034
13035
13034
13044
13024
13035
13034
13035
13034
13035
13034
13044
13034
13045
13024
13045
13034
13035
13034
13024
13044
13024
13034
13024
13044
13024
13034
13034
13054
13035
13034
13035
13034
13045
13024
13025
13034
28013
13094
13034
13014
13024
13014
13015
13004
13035
13004
13004
13014
13004
13024
13004
13005
13004
13014
13004
13004
13004
13015
12994
13004
13004
13024
13004
13004
13004
13004
13015
13004
13005
13004
13025
13014
13014
13004
13014
13004
13014
13004
13004
13014
13014
12994
13004
13004
13004
12994
12994
13034
13014
13004
13005
13024
13004
13014
13005
13004
13014
13004
13004
13004
13024
13014
13004
13015
13034
13024
13004
12994
13004
13014
46015
13094
13014
13024
13014
13005
13014
13014
12994
12994
12994
13014
13014
13005
13024
13025
13004
13004
13015
13014
13025
13014
13005
13014
13014
13004
13004
13014
13025
13004
13004
13014
12994
13005
13014
16842
13074
13024
13004
13004
13004
13024
13004
13004
13014
12994
13014
13004
13004
13004
13014
13014
13004
13004
13015
13004
12995
13004
13025
13004
12994
13005
13024
13025
12994
12995
13004
13005
13004
13014
13004
13014
13005
13004
39003
13195
13014
13024
13004
13005
13024
13005
13004
13015
13024
13014
13014
13024
13024
13004
13014
13014
13024
13004
13005
13014
13004
13024
13014
13014
13015
13024
13005
13024
13014
13024
13004
13005
13004
13014
13014
13014
13004
13015
13024
13014
13004
13024
13034
13014
13004
13014
13014
13014
13005
13014
13015
13014
13095
13044
13024
13014
13014
13004
13014
13025
13014
13015
13024
13025
13034
13024
13024
13024
13034
13015
13024
13014
29024
13064
13034
13024
13015
12994
12994
12994
13014
13004
13004
12994
13004
13005
13004
13005
12994
13004
12994
12984
12984
13004
12984
12994
13005
12994
12994
13004
12994
13014
13004
12995
13004
12993
13014
13014
13004
12995
13014
12994
13004
12994
12994
13004
12995
13004
13005
13024
12994
12994
13004
13004
12994
13005
13004
13014
13004
13004
13014
13004
13015
12994
12994
13014
13014
13004
13004
12994
13014
13004
13004
12995
13004
13025
47689
13114
13014
13034
13024
13024
13014
13024
13024
13024
13024
13024
13025
13014
15719
13124
13024
13004
13024
13014
13024
13014
13015
13004
13014
13014
13015
13004
13025
13004
13004
13014
13004
13014
13014
13024
12994
13025
13014
13005
13004
13014
13014
13014
13015
13024
13014
13014
13004
13004
13025
13024
13004
13004
13024
13014
13014
13005
13034
13004
13004
13014
13014
13025
13004
13014
13014
13014
12994
13004
13014
13024
12995
12994
26429
13104
13014
13014
13015
13014
13024
13004
13005
13004
13014
13014
13004
13015
13014
13025
13014
13014
13014
13015
13014
13004
13014
13024
13004
13005
13014
13014
13014
13004
13005
13014
13005
13004
12995
13004
13015
13004
13014
12994
13014
12994
13004
12994
13014
13004
13004
12994
13024
13004
13004
13014
13014
13014
13005
13004
13004
13024
13005
13004
13004
13024
13005
13004
13004
13014
13024
13004
13004
13014
13014
13014
13024
13015
33111
13104
13024
13024
13015
13004
13004
13014
13024
13014
13014
13024
13004
13024
13014
13015
13014
13024
13014
13025
13014
13024
13024
13004
13004
13004
13014
13014
13004
13004
13014
13024
13004
13004
13035
13014
13004
13014
13004
13015
12994
13015
13004
13024
13014
12994
13004
13024
13015
13014
13015
13024
13015
13014
13015
13014
13024
13004
13004
13014
13024
13014
13014
13014
13034
13004
13014
13004
13024
13015
13014
13004
13004
13024
13004
27962
13115
13034
13035
13004
13014
13014
13004
13014
13004
13024
13015
13004
13005
13004
13014
13005
12994
12995
13024
13005
13004
13005
13024
13004
13004
13004
13005
13004
13005
13004
13004
13014
12995
13014
13004
13024
13004
13015
13004
13004
13024
12995
13004
13004
13024
13015
13014
13014
13024
13004
13004
13004
13024
13004
13015
12994
13014
13014
13005
13014
13004
13014
13014
12994
13004
13014
12994
12995
12994
13004
13014
12994
12995
12994
31900
13084
13014
12994
13015
13004
13004
13004
13014
13004
12995
13004
13014
12995
12994
13005
13004
13015
13004
13014
13004
13004
13004
13004
13004
13024
13004
13004
12995
12994
13004
13004
12994
13015
13004
13005
12994
12995
13024
12994
12994
13004
12995
13014
13004
12994
12995
13004
12994
13004
13004
13004
12994
13005
12994
13015
12994
12994
12995
13004
13005
12994
13015
12994
13004
13004
13004
13014
13024
12995
13004
13004
12994
13014
13004
42008
13095
13034
13004
13004
13004
13004
12995
12984
13005
13214
12994
12994
12995
13024
12994
12994
13004
13004
13005
12994
12994
12984
13004
12994
13004
12995
13014
12984
12994
12994
12994
13004
12994
12994
12994
13004
12994
12994
12984
13015
12994
12985
12994
12994
13004
12994
12995
12994
13015
12994
12994
13004
13024
12994
12994
12985
13014
12995
12994
13004
12994
13014
12994
12994
12995
13014
13005
12994
12995
13024
13004
13014
13195
33182
13084
13024
13014
13005
13014
12994
12984
12995
13014
12994
12984
12994
13014
12994
12994
12994
13005
13004
12994
12994
12994
13005
12994
12995
13004
13004
12984
12994
12984
13014
12995
12994
13004
12985
13014
12994
12994
12985
13004
12994
12994
12994
13015
12994
12984
12984
12984
13014
12984
12995
12984
13004
12984
12984
12994
13014
13005
12984
12994
13004
12994
12995
13004
12994
13004
12995
12984
12994
13005
12994
12993
12994
13015
34584
13145
13024
13034
13024
13015
13004
13015
13014
13025
13004
13015
13014
13015
13004
13014
13024
13004
13005
13014
13034
13014
13005
13024
13025
13014
13015
13014
13015
13014
13005
13014
13004
13035
13014
13015
13014
13015
13024
13014
13004
13014
13024
13015
13014
13015
13034
13005
13024
13004
13004
13024
13014
13024
13015
13024
13015
13024
13004
13014
12995
13004
13005
13014
13014
13015
13024
13014
13084
13025
13014
13004
13014
13004
13004
36428
13054
13024
13025
13024
13025
13014
13014
13004
13024
13014
13005
13014
13014
13024
13004
13004
13014
13015
13014
13015
13014
13024
13004
13015
13004
13015
13024
13004
13014
13004
13025
13014
13005
13004
13025
13014
13015
13004
13015
13014
13025
13004
13014
13014
13014
13005
13004
13014
13014
13005
13004
13024
13004
13004
13004
13004
13025
13004
13025
13004
13025
13004
13004
13004
13015
13004
13004
13004
13014
13014
13014
13004
13014
31269
13094
13004
13014
13035
13014
13015
13014
13024
13014
13014
13024
13024
13024
13015
13024
13014
13024
13014
13015
13024
13034
13024
13005
13004
13024
13024
13005
13014
13015
13034
13015
13014
13015
13024
13014
13004
13014
13034
13024
13005
13004
13034
13024
13015
13004
13004
13014
13005
13024
13014
13024
13015
13014
13004
13025
13014
13015
13014
13005
13024
13005
13014
13014
13024
13004
13024
13305
13024
13014
13004
13005
13004
13015
29325
13104
13024
13024
12993
13004
13005
13014
13005
13004
13014
13024
13004
13004
13004
15869
13085
13024
13005
12994
13024
13014
12994
13004
13024
13005
13004
12994
13024
13004
13004
12995
13004
13014
13004
13004
13015
13014
13005
13014
13004
13024
13004
12994
13004
13025
12984
13004
13004
13004
13004
13005
13014
13015
13014
13004
13014
13004
13025
13014
13014
13004
12994
13014
12994
13004
13014
13024
13004
13005
12994
13034
13014
13015
13004
26770
13085
13034
13004
13004
13005
13004
13004
12994
13014
12994
12994
13005
13004
12984
12984
12994
13004
12994
13005
12994
12994
12994
12994
13004
13004
13004
12994
13005
12994
13015
13004
13005
13004
12994
13014
12994
12985
12994
13014
12994
12994
12984
13014
13005
13004
13005
13004
12994
12984
12994
13004
12994
12985
12994
12995
13004
13005
12994
13014
13005
13014
12994
12994
12994
13014
13005
13004
12984
13015
13014
13005
12994
13005
12994
27501
13064
13044
13014
13015
13004
13024
13014
13014
13005
13014
13025
13014
13014
13014
13025
13004
13005
13004
13025
13014
13014
13014
13015
13024
13005
13014
13014
13014
13004
13015
13014
13025
13014
13014
13004
13015
13024
13014
13004
13004
13004
13004
13004
13004
13015
13014
13004
13004
13024
13004
13005
13004
13005
13014
13004
13015
13004
13025
13004
13004
13014
13025
12994
13004
13014
13005
13014
13325
13015
13004
13004
13005
13014
13014
25758
13045
13044
13034
13034
13005
13004
13005
13034
13004
13014
13004
13014
13024
13015
13014
13015
13024
13014
13014
13004
13014
13004
13004
13004
13005
13024
13005
13024
13005
13024
13004
13004
13015
13024
13005
13014
13004
13004
13014
13004
13004
13015
13014
13024
13014
13014
13024
13015
13014
13014
13024
13014
13005
13004
13004
13024
13004
13014
13004
13014
13005
