30376
27641
27481
27432
27501
27501
27471
27481
27451
27421
27451
27502
27481
27431
27471
27461
27451
27431
27471
27451
27471
27431
27461
27422
27451
27451
27440
27461
27451
27662
66173
27551
27441
27431
27441
27421
27420
28423
31739
27461
27471
27431
26620
26500
26519
26470
26499
26499
26499
30687
26509
26490
26459
26520
26480
26479
26489
26479
26490
26479
26460
26479
26460
26469
26670
51646
26579
26470
26479
26480
26469
26470
26469
26479
26479
26489
26480
26529
26470
26469
26470
26469
26480
26469
26460
26459
26470
26469
26470
26459
26470
26469
26469
26459
26459
26469
26470
26469
26479
26469
26470
48060
26579
26500
26479
26499
26479
26499
26510
26479
26500
26530
26459
26479
26519
26490
26459
26490
26519
30848
26620
26579
26569
26540
26550
26549
26540
26539
26539
26550
26549
26529
26559
26559
26559
26549
26550
40956
26710
26450
26499
26499
26529
26500
26479
26470
26479
26850
26469
26540
26559
26569
26570
26549
26559
26570
26569
26539
26570
26569
26569
26569
26560
26569
26560
26560
26569
26559
26580
26539
26559
26560
26560
26569
49863
26610
26540
26539
26519
26499
26519
26530
26519
26530
26529
26499
26550
26509
26529
26480
26539
26490
26559
26499
26490
26499
26489
26509
26470
26479
26470
26469
26479
26509
26450
26459
26449
26509
26449
26459
26459
41527
26529
26459
26469
26480
26459
26459
26489
26530
26530
26549
26550
26499
26479
26469
26469
26470
26469
26479
26469
26480
26469
26480
26469
26470
26479
26510
26469
26479
26469
26479
26479
26459
26479
26469
26470
26489
42700
26620
26489
26470
26479
26480
26499
26469
26479
26469
26780
26480
26469
26470
26469
26470
26469
26480
26469
26480
26469
39464
26620
26499
26459
26479
26469
26449
26479
26479
26480
26489
26489
26480
26469
26469
48009
26599
26489
26469
26470
26459
26460
26479
26459
26469
26470
26479
26460
26469
26470
26469
26469
26489
26459
26469
26489
26449
26449
26479
26449
26449
26450
26469
26450
26469
26459
26469
26460
26449
26459
26439
26449
45515
26549
26459
26489
26459
26459
26469
26460
26479
39805
26579
26489
26560
26509
26500
26509
26490
26519
26459
26509
26499
26510
26449
26500
26519
26489
26459
26489
26510
26449
26500
26499
26500
26459
26629
26489
48370
26660
26489
26480
26469
26459
26479
26459
26459
26449
26469
26459
26459
26459
26469
26470
26459
26460
26459
26480
26459
26479
26459
26450
26469
26460
26469
26449
26459
26470
26469
26460
26449
26460
26429
26459
26459
43572
26529
26540
26479
26469
26489
26459
26490
26469
26490
26800
30747
27191
26479
26469
26460
26479
26510
26490
26469
26480
28994
26549
26519
26479
26479
26480
26489
26469
26489
26480
26469
26480
26479
26479
26479
26499
46116
26650
26490
26459
26470
26459
26460
26439
26449
26449
26450
26439
26480
26459
26449
26459
26450
26459
26460
26449
26459
26449
26469
26449
26460
26449
26459
26449
26449
26499
26439
26459
26449
26460
26459
26459
26449
43121
26530
26449
26490
26449
26460
26449
26460
26459
26479
26439
26450
26489
26479
26509
26459
26469
26439
26449
26460
26459
26470
26459
26470
26469
26470
26439
26440
26459
26449
26439
26439
26449
26439
26459
26429
26439
53500
26559
26529
26490
26519
26480
26479
26480
26489
26489
29375
29004
26530
26539
26539
26550
26529
26519
26560
26519
26530
26549
26539
26499
26549
26529
26550
26529
26559
26540
26519
26540
26519
26529
26510
26520
41026
26600
26550
26549
26519
26539
26519
26550
26539
26559
26510
26539
26509
26510
26529
26540
26540
26499
26530
26539
26530
26520
26529
26549
26530
26539
26510
26529
26470
26520
26469
26489
26479
26479
26459
26469
26469
71554
26760
26509
26510
26519
26539
26490
26519
26519
26500
26529
26520
26509
26489
26509
26509
26530
26519
26500
26549
26519
26510
26509
26529
26510
26499
26520
26519
26519
26509
26539
26510
26529
26509
26510
26529
49892
26609
26469
26489
26529
26479
26459
26450
26469
26469
26819
31248
26710
26449
26509
26480
26499
26509
26519
26509
26500
26539
26480
26519
26529
26540
26539
26530
26479
26539
26529
26530
26529
26520
26499
26539
43782
26750
26539
26469
26460
26479
26469
26499
26519
26459
26460
26449
26480
26509
26460
26449
26460
26479
26469
26469
26459
26519
26469
26479
26509
26470
26449
26469
26519
26510
26479
26470
26509
27101
26469
60602
26650
26559
26509
26479
26499
26510
26479
26510
26489
26499
26500
26499
26480
26479
26469
26489
26510
26490
26499
26510
33863
26579
26510
26499
26470
26469
26470
26529
26570
26570
26569
26559
26560
26569
26569
42709
26660
26499
26529
26530
26509
26540
26539
26519
26519
26559
26549
26560
26569
26539
26540
26549
26539
26560
26539
26539
26530
26539
26560
26550
26549
26550
26550
26539
26539
26559
26549
26540
26550
26549
26550
26540
46056
26609
26539
26530
26539
26539
38382
26499
26520
26459
26479
26459
26480
26469
26449
26510
26459
26440
26459
26500
26469
29606
26499
26499
26459
26520
26529
26469
26490
26469
26500
26479
26519
26469
26509
26529
55283
26579
26569
26510
26499
26489
26499
26539
26560
26539
26539
26540
26539
26519
26519
26549
26540
26530
26529
26530
26549
26529
26550
26549
26539
26540
26549
26540
26540
26529
26519
26539
26519
26540
26529
26530
26509
48350
26610
26559
26559
26570
26559
26530
26479
26489
26480
26479
26540
26519
26479
26490
26479
26479
26529
26470
26479
26479
26529
26529
26529
26479
26529
26479
26480
26539
26479
26480
26479
26480
26489
26499
26529
48991
26660
26469
26499
26529
26529
26530
26550
26539
26560
26539
26529
26530
26529
26530
26520
26529
26539
26529
26539
26539
26519
26539
26530
26529
26530
26529
26539
26539
26519
26529
26539
26529
26539
26550
26509
26529
77184
26640
26449
26509
26490
26509
26500
26489
26440
26479
26479
26479
26419
26419
26419
26429
26479
26479
26419
26429
26469
26479
26419
26479
26420
26419
26490
26439
26419
26429
26479
26500
26419
26480
26429
26420
42599
26550
26509
26529
26490
26489
26529
26510
26479
26490
26529
29044
28954
26499
26489
26499
26489
26490
26499
26489
26499
26520
26480
26489
26500
26499
26490
26459
26459
26469
26490
26489
26450
26459
26499
26469
47890
26700
26519
26479
26530
26469
26540
26529
26509
26510
26479
26520
26459
26449
26479
26490
26499
26470
26519
26449
26459
26469
26520
26509
26469
26469
26430
26439
26460
26469
26480
26519
26510
26479
26509
26469
26520
38312
26569
26529
26499
26559
26479
26489
26539
26539
26499
26510
26499
26459
26489
26490
26489
26469
26479
26479
26499
26489
26470
26479
26480
26469
26499
26479
26479
26469
26539
26500
26499
26500
26459
26450
26519
26490
49953
26590
26540
26509
26490
26559
26499
26510
26549
26550
26550
26539
30577
27521
26539
26539
26560
26539
26539
26560
26540
26559
26540
26550
26539
26540
26539
26549
26550
26549
26550
26550
26539
26540
26540
26509
26509
63078
26670
26499
26500
26449
26450
26489
26449
26449
26479
26449
26460
26459
26469
26439
26470
26429
26450
26469
26469
26439
26470
26439
26469
26439
26489
26449
26449
26469
26479
26489
26469
26449
26469
26499
26439
46947
26610
26490
26539
26459
26519
26529
26510
26469
26469
26489
26460
26519
26510
26510
26479
26460
26549
26460
26469
26490
29605
26550
26479
26479
26499
26499
26470
26479
26479
26479
26470
26469
26480
26479
26480
26670
61434
26529
26499
26489
26500
26509
26470
26489
26460
26499
26480
26489
26479
26479
26479
26479
26519
26480
26479
26540
26529
26519
26520
26529
26529
26529
26479
26480
26479
26480
26529
26479
26479
26480
26489
26509
55153
26600
26569
26549
26560
26539
26469
26529
26529
26540
26499
26489
26530
26529
26490
26529
26469
26480
26479
26560
26539
26540
26540
26499
26510
26539
26479
26529
26479
26550
26529
26509
26479
26529
26490
26539
44342
26700
26480
26499
26520
26509
26439
26540
26559
26560
26549
26539
26550
26559
26539
26540
26530
26549
26530
26549
26549
26550
26549
26530
26529
26549
26540
26540
26559
26549
26570
26549
26550
26539
26559
26549
26530
48931
26570
26489
26489
26469
26509
26469
26529
26489
26529
26490
26509
26470
26499
26449
26510
26469
26520
26519
26530
26519
26449
26459
26459
26489
26449
26489
26509
26470
26439
26460
26449
26450
26449
26469
26449
26450
47358
26580
26510
26459
26540
26469
26480
26489
26469
26489
26480
26469
26449
26459
26459
26480
26469
26439
26439
26429
26449
26459
26460
26459
26419
26499
26460
26509
26460
26479
26449
26459
26539
26429
26449
26449
26459
43210
26549
26549
26540
26459
26449
26449
26460
26539
26510
26539
26509
26540
26499
26509
26519
26450
26540
26469
26550
26529
26519
26529
26790
26559
26550
26570
26549
26559
26559
26569
26560
26560
26569
26569
57177
26629
26509
26500
26509
26490
26489
26489
26479
26479
26469
26479
26479
26479
26469
26469
26470
26469
26470
26459
26480
26459
26479
26459
26459
26479
26460
26489
26460
26479
26470
26469
26480
26469
26470
26469
26470
58369
26710
26499
26479
26479
26489
26489
26479
26450
26489
26469
26479
26510
26499
26489
26479
26469
26499
26529
26510
26499
26520
26500
26479
26459
26469
26480
26469
26459
26469
26480
26479
26470
26479
26479
26499
52377
26550
26529
26509
26489
26509
26530
26509
26499
26509
26499
26479
26479
26460
26459
26490
26479
26480
26489
26499
26459
26509
26459
26499
26469
26509
26470
26509
26470
26499
26449
26519
26449
26519
26489
26510
26499
53699
26609
26489
26509
26509
26529
26519
26510
26509
26520
26510
26519
26510
26509
26510
26510
26419
26519
26519
26500
26439
29095
26519
26560
26479
26530
26529
26539
26519
26499
26519
26510
26499
26480
26489
26479
56044
26639
26570
26559
26549
26540
26529
26549
26540
26569
26559
26539
27772
30277
26559
26550
26559
26529
26550
26560
26539
26540
26539
26549
26540
26559
26539
26550
26539
26529
26539
26529
26520
26549
26539
26550
26509
43170
26550
26479
26499
26509
26509
26509
26509
26510
26489
26490
26459
26489
26520
26499
26510
26499
26520
26469
26510
26510
26469
26520
26499
26500
26499
26500
26490
26489
26500
26479
26490
26489
26519
26469
26500
44843
26589
26469
26520
26529
26510
26509
26480
26530
26499
26420
26529
26510
26529
26499
26530
26489
26480
26489
26510
26539
26529
26530
26529
26499
26489
26469
26520
26509
26530
26519
26550
26519
26489
26460
26469
26510
42169
26710
26549
26559
26540
26560
26519
26520
26509
26500
26529
26499
26449
26509
26560
26499
26419
26509
26449
26510
26489
26520
26519
26519
26489
26509
26560
26499
26520
26510
26569
26510
26520
26519
26479
26519
26420
40255
26529
26469
26439
26459
26510
26529
26530
26419
26499
26439
26519
26520
26519
26520
26519
26530
26530
26519
26500
26509
26429
26549
26519
26520
26449
26550
26509
26509
26449
26539
26530
26469
26500
26499
26519
26540
46506
26529
26550
26519
26519
26469
26509
26450
26469
26500
26519
26460
26509
26509
26500
26509
26510
26519
26549
26510
26559
26519
26550
26499
26560
26509
26499
26510
26519
26470
26519
26550
26550
26509
26550
26509
26489
54432
26529
26440
26499
26520
26489
26499
26480
26499
26480
26499
26490
26489
26430
26489
26490
26499
26489
26440
26419
26489
26469
26480
26479
26509
26509
26500
26499
26509
26479
26499
26440
26519
26480
26399
26409
49772
26679
26519
26540
26540
26519
26540
26529
26519
26529
26529
26530
26539
26509
26530
26539
26499
26519
26509
26530
26539
26519
26509
26539
26509
26519
26529
26530
26499
26519
26519
26549
26530
26499
26499
26519
26529
48551
26610
26579
26559
26499
26539
26570
26540
26509
26510
26529
26529
26519
26529
26519
26519
26519
26529
26519
26520
26510
26519
26510
26519
26520
26540
26519
26479
26479
26520
26499
26510
26509
26509
26520
26519
26509
46446
26519
26429
26459
26500
26519
26479
26480
26459
26489
26489
26490
26459
26470
26449
26490
26449
26450
26449
26459
26549
28794
26570
26550
26519
26530
26560
26529
26560
26540
26539
26530
26549
26540
26560
26539
45153
26620
26539
26480
26469
26500
26459
26480
26489
26479
26489
26479
26460
26489
26489
26479
26469
26479
26460
26489
26470
26489
26470
26479
26469
26479
26479
26479
26470
26489
26469
26480
26479
26490
26489
26490
26479
40165
26669
26429
26479
26409
26439
26460
26419
26418
26479
26420
26449
26440
26479
26450
26489
26429
26489
26479
26469
26420
26469
26419
26459
26459
26519
26420
26449
26430
26479
26459
26509
26450
26519
26530
26519
26429
44793
26549
26510
26519
26499
26469
26519
26460
26469
26480
26519
26490
26469
26500
26519
26489
26449
26479
26490
26519
26489
26509
26479
26479
26480
26499
26470
26489
26479
26480
26469
26479
26479
26480
26479
26480
26479
43190
26620
26509
26560
26519
26539
26549
26520
26539
26509
26509
26560
26530
26870
26489
26539
26550
26529
26519
26499
26569
26520
26510
26509
26560
26499
26550
26500
26559
26509
26550
26519
26560
26479
26559
26509
26559
48069
26770
26549
26550
26529
26539
26550
26549
26540
26540
26629
26499
26489
26480
26480
26479
26480
26489
26500
26489
26480
26469
26479
26469
26470
26469
26460
26469
26479
26479
26479
26479
26479
26469
26499
26479
26479
49302
26559
26479
26499
26490
26469
26479
26449
26459
33673
26730
26510
26459
26470
26469
26460
26469
26460
26459
26449
26449
26460
26449
26450
30587
26580
26489
26470
26479
26480
26489
26469
26490
26479
26480
26489
47418
26539
26520
26509
26509
26520
26509
26529
26489
26489
26519
26499
26500
26800
26519
26499
26500
26489
26510
26499
26499
26459
26489
26519
26519
26520
26530
26499
26529
26519
26520
26529
26519
26520
26539
26529
26539
46517
26589
26510
26489
26470
26469
26469
26479
26469
26470
26529
26490
26519
26449
26519
26470
26489
26549
26520
26479
26510
26499
26489
26479
26549
26490
26539
26490
26520
26469
26490
26529
26490
26479
26479
26529
40625
26599
26540
26449
26459
26489
26450
26509
26530
31148
26870
26509
26480
26489
26490
26539
26529
26540
26529
26519
26550
26529
26539
26520
26479
26520
26479
26520
26469
26539
26470
26519
26469
26529
26480
26529
26479
49633
26549
26460
26439
26459
26469
26429
26469
26490
26439
26489
26469
26480
26770
26469
26429
26459
26500
26439
26469
26449
26469
28804
26479
26480
26419
26450
26449
26449
26449
26410
26449
26440
26449
26480
26469
26440
41537
26680
26540
26529
26519
26529
26529
26520
26529
26529
26530
26539
26530
26530
26519
26520
26519
26509
26529
26539
26529
26519
26539
26500
26519
26530
26530
26519
26530
26519
26539
26539
26539
26530
26519
26519
26530
40796
26540
26499
26439
26479
26480
26449
26470
26459
26460
26459
26460
26479
26449
26479
26450
26459
26429
26489
26470
26459
26480
26469
26480
26479
26479
26489
26479
26490
26469
26459
26489
26450
26479
26479
26459
26449
42058
26530
26489
26470
26469
26470
26510
26509
26449
26459
26459
26479
26460
26479
26439
26469
26450
26469
26439
26449
26440
26459
26449
26459
26449
26449
26449
26460
26449
26449
26449
26480
26459
26450
26469
26460
26449
41777
26530
26529
26509
26480
26469
26469
26499
26479
26479
26499
26459
26469
26529
26489
26490
26529
26530
26489
26489
26489
26489
26520
26499
26490
26479
26510
26489
26489
26489
26479
26490
26489
26480
26479
26490
26489
47428
26590
26520
26489
26470
26509
26480
26479
26470
26479
26490
26479
26519
26469
26499
26470
26509
26470
26519
26479
26489
26499
26500
26469
26470
26469
26509
26509
26479
26479
26469
26470
26519
26510
26499
26510
26469
39544
26529
26520
26509
26499
26470
26549
26510
26479
26499
26519
26489
26500
26509
26499
26499
26489
26499
26510
26519
26509
26500
26499
26509
26499
26500
26500
26509
26500
26489
26490
26489
26489
26489
26489
26479
40305
26610
26489
26490
26529
26520
26499
26489
26520
26519
26520
26519
26509
26509
26539
26520
26520
26519
26520
26519
26510
26459
26470
26459
26490
26459
26469
26469
26499
26489
26469
26480
26489
26470
26459
29645
26559
41989
26590
26499
30267
30126
26570
26519
30326
30227
26589
30296
30166
29755
26530
29505
29665
30206
29585
26559
30197
29975
29765
29895
29174
26570
29555
29786
26609
26539
26529
26520
26509
26540
26499
26539
41197
26620
26459
26480
26499
26500
26549
26479
26499
26449
26440
26489
26470
26479
26479
26469
26500
26489
26439
26459
26469
26499
26489
26509
26499
26450
26499
26480
26469
26510
26479
26470
26489
26510
26479
26499
26469
38962
26550
26470
26519
26490
26509
26500
26489
26500
26530
26539
26490
26499
26529
26540
26519
26530
26519
26519
26530
26499
26530
29054
26490
26489
26530
26519
26519
26520
26519
26530
26519
26519
26520
26519
26449
26479
41588
26580
26529
26529
26570
26549
26470
26529
26529
26530
26529
26530
26539
26539
26529
26509
26529
26500
26469
26489
26529
26470
26489
26529
26530
26499
26509
26539
26539
26510
26519
26490
26530
26519
26500
26529
26520
38151
26649
26500
26479
26450
26459
26480
26489
26510
26509
26529
26499
26489
26529
26489
26499
26520
26519
26519
26519
26479
26509
26509
26510
26479
26479
26479
26509
26500
26489
26520
26529
26509
26489
26509
26509
26519
48350
26529
26450
26479
26490
26510
26479
26499
26489
26530
26489
26479
26469
26489
26469
26479
26489
26489
26479
26479
26439
26479
26490
26499
26490
26479
26479
26479
26489
26499
26499
27161
26529
26509
26469
26449
26429
39794
26519
26479
26459
26460
26459
26450
26459
26459
26469
26459
26469
26470
26469
26460
26469
26470
26459
26460
26459
26460
26459
26459
26449
26459
26459
26449
26459
26450
26449
26450
26459
26460
26459
26460
26469
49863
26650
26469
26459
26479
26479
26459
26509
26500
26479
26470
26459
26490
26469
26510
26459
26519
26459
26460
26509
26509
26469
26499
26470
26499
26520
26459
26469
26499
26510
26539
26479
26469
26499
26470
26509
26509
43260
26590
26459
26470
26509
26509
26499
26500
26509
26499
26520
26479
26489
26469
26509
26479
26500
26480
26479
26460
26469
26470
26479
26490
26479
26480
26449
26479
26479
26470
26489
26479
26469
26450
26479
26459
26489
46066
26549
26519
26519
26500
26489
26470
26489
26480
26479
26460
26519
26499
26530
26509
26509
26489
26519
26509
26519
26460
26519
26470
26519
26459
26520
26499
26530
26489
26509
26509
26509
26510
26489
26500
26519
26460
43852
26669
26489
26480
26479
26490
26469
26480
26469
26480
26479
26489
26480
26489
26460
26479
26479
26519
26499
26489
26490
26489
26489
26480
26479
26530
26479
26460
26459
26479
26459
26470
26479
26489
26469
26479
26469
42339
26559
26450
26509
26429
26479
26520
26509
26480
26519
26499
26460
26509
26480
26519
26480
26469
26470
26459
26459
26459
26440
26439
26460
26489
26430
26479
26490
26489
26480
26489
26479
26489
26499
26479
26489
26490
46306
26589
26479
26469
26499
26519
26529
26480
26479
26520
26499
26480
26479
26479
26489
26470
26429
26429
26439
26469
26489
26469
28773
26509
26500
26479
26450
26459
26459
26499
26489
26439
26520
26480
26519
26450
26489
36909
26570
26489
26459
26490
26479
26520
26519
26520
26489
26529
26520
26509
26520
26529
26530
26519
26519
26510
26549
26549
26550
26550
26559
26550
26569
26559
26550
26559
26549
26560
26560
26549
26540
26539
26549
26559
45605
26579
26510
26509
26539
26539
26489
26490
26539
26510
26539
26529
26539
26539
26499
26510
26479
26530
26509
26499
26479
26509
26490
26479
26480
26469
26480
26519
26470
26509
26539
26540
26539
26510
26530
26539
26540
45324
26590
26479
26520
26499
26510
26499
26509
26509
26469
26510
26509
26520
26509
26529
26470
26499
26480
26499
26510
26520
39463
26730
26500
26549
26479
26540
26459
26489
26529
26509
26469
26530
26519
26489
26550
45355
26509
26460
26449
26459
26479
26480
26439
26449
26459
26459
26449
26469
26449
26450
26459
26450
26449
26459
26439
26449
26449
26469
26480
26469
26469
26470
26479
26470
26469
26469
26469
26470
26479
26479
26489
26470
46035
26539
26520
26470
26529
26510
26549
26530
26499
26569
26530
26570
26529
26580
26509
26509
26479
26539
26529
26540
26479
26509
26519
26509
26469
26509
26500
26539
26510
26549
26509
26490
26519
26509
26519
26499
26720
26730
26500
26459
26490
26449
26470
26449
26490
26479
26480
26469
26480
26509
26509
26520
26479
26480
26469
26480
26479
26479
26479
26479
26479
26479
26480
26509
26480
26469
26470
26509
26479
26509
26469
26509
26469
56816
26630
26559
26529
26539
26550
26529
26540
26529
26549
26560
26539
26560
26540
26539
26550
26530
26529
26549
26540
26549
26539
26550
26559
26540
26560
26519
26550
26519
26559
26510
26549
26540
26560
26519
26550
26500
42729
26540
26450
26509
26540
26529
26490
26499
26529
26499
26529
26509
26540
26499
26500
26810
26509
26500
26530
26499
26500
26479
26510
26499
26500
26529
26529
26530
26539
26529
26530
26529
26519
26530
26519
26490
54411
26619
26490
26469
26520
26489
26519
26489
26499
26490
26499
26510
26499
26519
26499
26509
26460
26519
26499
26489
26490
26519
26459
26520
26489
26500
26479
26449
26459
26490
26529
26499
26490
26459
26519
26499
26520
46807
26580
26559
26509
36398
26630
26480
26499
26530
26479
26480
26539
26460
26520
26489
26530
26469
26480
26529
26530
26510
28984
26509
26499
26490
26489
26520
26479
26470
26479
26530
26469
26520
26519
26529
26499
43431
26520
26459
26469
26509
26460
26469
26510
26469
26479
26479
26480
26469
26460
26459
26460
26499
26459
26479
26459
26479
26459
26510
26459
26459
26449
26460
26449
26479
26459
26470
26469
26469
26479
26470
26469
26480
40595
26639
26560
26530
26519
26489
26569
26539
26529
26529
26519
26520
26479
26520
26529
26529
27000
26620
26540
26550
26559
26580
26559
26549
26560
26549
26509
26510
26499
26499
26500
26509
26510
26519
26500
26499
26499
37530
26619
26520
26529
26549
26500
26509
26480
26469
26479
26459
26469
26529
26449
26479
26499
26490
26539
26489
26520
26539
26530
26489
26490
26489
26499
26479
26499
26530
26489
26489
26479
26480
26519
26539
26490
26479
42690
26560
26519
26500
26519
26519
26469
26529
26479
26489
26479
26479
26479
26490
26469
26529
26459
26510
26489
26509
26519
26519
26530
26519
26520
26459
26529
26520
26519
26510
26509
26509
26519
26519
26520
26509
26509
45956
26620
26469
26450
26439
26500
26449
26470
26459
26480
26489
26479
26479
26439
26449
26459
26469
26480
26529
26509
26510
26519
26479
26519
26480
26469
26469
26530
26489
26530
26489
26490
26489
26469
26469
26470
26459
40325
26530
26489
26520
26519
26509
26469
26519
26480
26519
26529
26529
26519
26530
26509
26509
26499
26509
26510
26519
26519
26510
26519
26510
26479
26509
26509
26519
26479
26509
26500
26489
26500
26519
26510
26510
26519
47489
26579
26479
26470
26459
26469
26459
26460
26459
26470
26459
26459
26509
26470
26459
26459
26459
26460
26469
26510
26459
26469
26469
26469
26469
26479
26469
26470
26459
26470
26469
26469
26469
26469
26469
26469
26469
42649
26580
26469
26489
26499
26519
26470
26529
26460
26519
26469
26489
26469
26469
26459
26520
26479
26509
26479
26520
26479
26520
26520
26469
26470
26509
26520
26509
26459
26509
26469
26479
26499
26459
26459
26499
90779
26699
26490
26519
26520
26520
26509
26490
26509
26540
26479
26509
26510
26519
26520
26499
26490
26530
26469
26520
26489
26480
26479
26530
26479
26469
26499
26529
26490
26459
26480
26529
26479
26479
26490
26690
48380
26510
26479
26459
26479
26499
26479
26479
26510
26509
26510
26479
26460
26479
26490
26509
26509
26510
26489
26460
26489
29204
26540
26469
26470
26509
26510
26459
26470
26509
26520
26520
26509
26479
26519
26510
49673
26579
26519
26560
26539
26540
26529
26539
26550
26549
26539
26540
26549
26539
26560
26589
26539
26530
26509
26519
26520
26519
26550
26539
26589
26490
26499
26500
26529
26489
26480
26509
26479
26479
26490
26469
26470
45835
26709
26469
26470
26519
26520
26499
26530
26509
26519
26470
26499
26500
26489
26500
26489
26499
26499
26519
26500
26509
26499
26499
26499
26489
26509
26510
26499
26510
26500
26509
26490
26509
26499
26509
26499
26489
39754
26539
26509
26489
26479
26480
26469
26480
26469
26469
26469
26470
26479
26479
26479
26489
26479
26490
26469
26479
26470
26479
26480
26479
26469
26479
26470
26459
26470
26469
26470
26469
26470
26479
26479
26469
26470
47138
26540
26499
26490
26469
26479
26470
26469
26480
26479
26490
26489
26490
26469
26479
26469
29835
26579
26470
26459
26459
26469
26460
26469
26450
26459
26450
26449
26460
26459
26449
26489
26450
26459
26459
26459
38261
26659
26460
26459
26480
26529
26519
26530
26499
26530
26539
26519
26520
26489
26509
26459
26540
26509
26529
26520
26519
26530
26529
26529
26520
26529
26519
26510
26539
26519
26529
26469
26490
26499
26490
26479
26520
46366
26599
26500
26499
26470
26520
26469
26479
26509
26520
26499
26489
26489
26519
26460
26489
26459
26469
26510
26509
26520
26489
26470
26489
26509
26480
26459
26479
26499
26490
26449
26480
26459
26490
26509
26499
26469
42138
26530
26499
26540
26489
26479
26489
26469
26480
26459
26470
26459
26480
26479
26520
26479
26469
26459
26449
26519
26449
26449
26459
26449
26449
26449
26440
26449
26449
26499
26459
26429
26430
26459
26480
26449
26469
44994
26559
26499
26460
26469
26469
26509
26500
26489
26490
26489
26499
26490
26479
26510
26489
26470
26459
26469
26489
26500
26489
26449
26509
26499
26520
26499
26510
26479
26509
26450
26499
26469
26469
26509
26509
26510
50404
26570
26530
26549
26530
26539
26509
26499
26509
26480
26519
26440
26439
26439
26439
26440
26439
26439
26439
26429
26480
26429
26480
26429
26480
26489
26439
26439
26450
26439
26429
26449
26429
26429
26449
26519
26500
45334
26549
26449
26489
26449
26529
26439
26489
26469
26480
26509
26469
26459
26490
26449
26459
26459
26500
26489
26500
26479
26480
29345
26529
26489
26479
26479
26499
26479
26459
26499
26460
26499
26499
26479
26480
26469
26980
26550
26479
26449
26499
26530
26529
26539
26550
26519
26529
26540
26539
26540
26550
26539
26539
26549
26539
26530
26529
26529
26540
26539
26549
26550
26539
26539
26540
26539
26510
26539
26539
26530
26529
26559
41858
26569
26459
26449
26469
26509
26459
26459
26520
26509
26509
26470
26509
26530
26509
26529
26520
26529
26510
26469
26530
26459
26489
26519
26479
26469
26499
26490
26489
26509
26459
26470
26489
26440
26519
26489
26520
46817
26550
26489
26499
26490
26499
26519
26489
26519
26489
26469
26499
26539
26519
26489
26489
26509
26519
26530
26529
26479
26510
26459
26499
26519
26530
26509
26489
26520
26479
26540
26489
26499
26459
26499
26499
26489
43571
26539
26500
26509
26499
26470
26479
26509
26479
26480
26479
26520
26469
26490
26469
26509
26520
26479
26519
26479
26499
26489
26529
26480
26489
26480
26509
26480
26510
26499
26520
26489
26490
26479
26490
26489
41458
26630
26509
26470
26469
26470
26469
26439
26459
26479
26459
26469
26459
26480
26479
26440
26469
26469
26479
26450
26469
26490
26489
26530
26510
26529
26520
26519
26460
26519
26469
26479
26519
26520
26489
26520
26529
49181
26620
26490
26489
26540
26479
26520
26480
26499
26480
26529
26480
26469
26479
26489
26499
26489
26489
26490
26499
26480
26499
26520
26489
26499
26479
26499
26490
26479
26480
26479
26510
26519
26489
26480
26479
26480
44102
26530
26499
26440
26449
26459
26439
26439
26429
26449
26449
26440
26449
26449
26489
26429
26479
26499
26479
26500
26479
26449
26479
26500
26489
26509
26429
26509
26459
26510
26439
26499
26519
26489
26470
26499
26470
57647
26589
26459
26469
26530
26449
26520
26499
26530
26449
26499
26490
26519
26470
26469
26500
26519
26479
26510
26469
26430
26459
26509
26449
26510
26469
26520
26449
26480
26439
26459
26459
26510
26469
26470
26459
26460
43171
26560
26479
26470
26509
26460
26449
26460
26509
26450
26509
26450
26469
26450
26519
26469
26520
26449
26499
26449
26449
26459
26430
26469
26439
26479
26490
26459
26490
26459
26450
26469
26489
26459
26479
26429
26520
26630
26550
26509
26480
26519
26489
26489
26489
26490
26479
26499
26519
26519
26519
26469
26520
26499
26490
26499
26499
26520
29024
26549
26499
26480
26509
26490
26499
26519
26479
26479
26499
26499
26510
26489
26530
55233
26590
26549
26479
26489
26469
26479
26479
26470
26479
26469
26449
26470
26459
26480
26489
26480
26529
26510
26459
26479
26469
26519
26520
26519
26470
26489
26459
26479
26469
26520
26489
26479
26479
26520
26469
26489
47498
26630
26479
26530
26519
26480
26469
26489
26479
26489
26499
26469
26470
26479
26479
26479
26490
26469
26460
26479
26469
26489
26469
26479
26469
26479
26469
26479
26479
26479
26479
26469
26469
26469
26479
26479
26680
26630
26549
26539
26469
26449
26450
26489
26460
26469
26470
26459
26460
26459
26489
26449
26459
26469
26450
26469
26440
26459
26449
26469
26449
26469
26479
26469
26449
26449
26460
26449
26459
26449
26439
26459
26449
42680
26540
26489
26519
26489
26509
26469
26509
26510
26519
26530
26519
26499
26520
26509
26499
26509
26509
26529
26519
26539
26530
26529
26520
26519
26539
26519
26529
26520
26529
26519
26520
26529
26470
26539
26519
26530
43401
26549
26479
26539
26519
26490
26529
26489
26499
26469
26490
26489
26499
26519
26520
26540
26529
26490
26489
26510
26509
26499
26499
26499
26510
26489
26509
26499
26519
26499
26499
26510
26489
26540
26499
26509
26500
46056
26559
26489
26470
26469
26489
26469
26479
26499
26580
26530
26569
26540
26509
26509
26540
26559
26529
26540
26539
26579
26509
26549
26560
26570
26559
26549
26550
26549
26539
26550
26529
26550
26540
26559
26530
26560
37019
26630
26550
26549
26539
26529
26549
26540
26539
26539
26540
26529
26530
26540
26539
26580
26509
26539
26529
26540
26539
26540
26539
26529
26540
26539
26539
26529
26529
26550
26530
26539
26540
26539
26529
26540
26549
37489
26560
26490
26499
26500
26479
26459
26469
26470
26459
26530
26489
26499
26480
26519
26500
26499
26489
26519
26499
26500
26509
26520
26509
26499
26499
26479
26530
26499
26489
26479
26499
26479
26469
26489
26499
26460
40265
26610
26539
26459
26459
26490
26500
26519
26460
26519
26500
26459
26449
26539
26499
26509
26499
26450
26529
26509
26700
26570
26489
26539
26580
26529
26560
26570
26559
26569
26570
26559
26559
26580
26559
26549
26559
49552
26549
26539
26540
26559
26569
26500
26539
26559
26580
26539
26529
26550
26499
26589
26570
26559
26580
26550
26549
26539
26530
29124
26570
26469
26470
26479
26479
26480
26469
26479
26479
26489
26469
26470
26479
49232
26640
26540
26539
26519
26479
26520
26469
26479
26470
26529
26470
26489
26470
26539
26470
26469
26489
26480
26479
26479
26489
26479
26489
26489
26469
26520
26469
26540
26489
26539
26469
26489
26480
26459
26480
26469
62016
26590
26519
26479
26499
26459
26490
26479
26470
26499
26479
26499
26479
26499
26489
26480
26489
26470
26479
26480
26489
26490
26479
26479
26490
26489
26490
26479
26479
26489
26480
26479
26490
26499
26489
26479
26519
43662
26549
26500
26509
26499
26499
26509
26500
26499
26499
26509
26499
26499
26499
26480
26489
26510
26509
26509
26510
26519
26520
26509
26520
26519
26509
26520
26469
26469
26529
26509
26510
26499
26490
26509
26460
47288
26550
26489
26459
26469
26469
26449
26459
26459
26470
26479
26469
26459
26470
26469
26469
26469
26469
26469
26479
26469
26469
26469
26469
26459
26469
26510
26489
26479
26479
26469
26479
26470
26490
26479
26500
26469
53660
26519
26460
26449
26459
26469
26480
26469
26470
26509
26469
26469
26460
26449
26490
26449
26439
26449
26470
26489
26460
26459
26450
26479
26510
26469
26499
26469
26449
26479
26470
26479
26519
26479
26459
26490
26679
42689
26550
26529
26549
26540
26549
26549
26550
26560
26549
26540
26549
26549
26550
26539
26560
26550
26539
26549
26550
26539
26549
26570
26550
26529
26570
26550
26579
26570
26549
26539
26570
26540
26569
26559
26549
56916
26630
26549
26549
26540
26559
26560
26540
26539
26549
26560
26529
26559
26529
26529
26539
26549
26539
26550
26539
26549
26540
26569
26549
26530
26560
26549
26550
26539
26529
26560
26529
26560
26550
26539
26550
26740
44183
26589
26470
26459
26470
26479
26470
26449
26460
26459
26509
26459
26459
26469
26459
26469
26479
26530
26459
26460
26489
26480
26459
26460
26469
26460
26459
26460
26459
26460
26489
26460
26459
26460
26489
26469
26469
47709
26569
26530
26529
26480
26459
26519
26519
26479
26480
26519
26529
26489
26469
26520
26519
26500
26469
26509
26539
26509
26480
26479
26490
26479
26510
26489
26490
26490
26479
26499
26479
26499
26479
26490
26469
49953
26569
26509
26469
26480
26499
26469
26469
26489
26469
26499
26479
26479
26480
26529
26470
26469
26459
26469
26479
26469
26470
28764
26529
26470
26469
26460
26459
26450
26449
26449
26459
26470
26459
26459
26449
26460
43571
26599
26570
26509
26480
26459
26459
26449
26440
26459
26459
26479
26429
26459
26449
26519
26489
26480
26459
26449
26459
26459
26449
26459
26449
26479
26449
26449
26460
26449
26460
26469
26450
26449
26459
26469
26460
43922
26550
26539
26510
26509
26529
26500
26519
26490
26519
26509
26529
26519
26520
26509
26519
26519
26519
26520
26509
26519
26489
26509
26509
26519
26510
26519
26520
26519
26519
26510
26519
26519
26510
26559
26519
26519
40725
26529
26480
26479
26470
26489
26469
26519
26479
26489
26469
26510
26509
26550
26469
26479
26469
26520
26480
26519
26469
26469
26469
26469
26460
26459
26470
26479
26510
26469
26460
26469
26460
26499
26460
26519
26459
45545
26570
26529
26449
26459
26470
26459
26490
26459
26469
26459
26459
26449
26490
26459
26479
26490
26459
26460
26489
26460
26479
26449
26479
26480
26479
26490
26479
26489
26489
26489
26450
26489
26460
26459
26489
26509
50755
26540
26549
26479
26479
26449
26459
26499
26509
26459
26520
26499
26500
26459
26450
26499
26450
26449
26460
26459
26500
26459
26500
26459
26490
26519
26519
26519
26529
26480
26529
26519
26479
26479
26479
26479
45866
26589
26539
26500
26529
26529
26470
26459
26499
26519
26530
26479
26529
26529
26489
26510
26449
26449
26489
26480
26479
26490
26489
26490
26479
26489
26489
26479
26489
26499
26490
26479
26479
26499
26480
26479
26490
46447
26539
26479
26489
26490
26479
26529
26490
26539
26530
26530
26469
26480
26489
26520
26489
26529
26480
26519
26500
26459
26460
26459
26519
26489
26460
26499
26469
26480
26519
26460
26469
26459
26459
26500
26479
26470
50283
26589
26499
26499
26509
26670
26489
26459
26680
26800
26460
26479
26450
26539
26549
26520
26509
26510
26519
26510
26510
26499
26500
26469
26459
26459
26439
26549
26510
26509
26510
26509
26499
26510
26519
26459
48200
26560
26479
26490
26469
26470
26509
26470
26509
26469
26509
26499
26510
26499
26509
26509
26510
26499
26519
26449
26460
26459
26470
26449
26470
26479
26480
26469
26459
26469
26480
26459
26440
26449
26479
26459
26459
45385
26579
26499
26499
26559
26520
26569
26499
26550
26499
26540
26499
26509
26540
26489
26500
26539
26489
26509
26549
26500
26489
29394
26519
26479
26519
26479
26499
26490
26489
26520
26489
26510
26519
26559
26459
26529
50214
26520
26479
26480
26479
26470
26519
26539
26550
26459
26460
26489
26470
26489
26509
26549
26519
26520
26469
26560
26540
26549
26540
26550
26549
26550
26549
26539
26540
26529
26549
26530
26539
26549
26549
26539
27001
46647
26589
26499
26530
26560
26559
26540
26539
26549
26520
26549
26550
26539
26539
26539
26539
26529
26530
26540
26529
26540
26529
26540
26519
26539
26530
26530
26529
26520
26549
26530
26539
26539
26530
26520
26529
42740
26519
26519
26540
26540
26529
26550
26539
26540
26560
26529
26549
26510
26549
26539
26550
26529
26540
26540
26539
26859
26499
26550
26539
26560
26539
26529
26529
26499
26509
26500
26509
26500
26509
26510
26499
26509
42800
26620
26509
26519
26469
26499
26500
26469
26459
26449
26460
26459
26469
26449
26480
26459
26459
26469
26460
26469
26520
26509
26510
26580
26509
26510
26530
26519
26570
26539
26520
26570
26569
26519
26530
26569
26559
38021
26620
26559
26559
26569
26539
26549
26550
26539
26559
26559
26539
26549
26540
26550
26539
26530
26519
26550
26539
26870
26540
26549
26529
26539
26559
26549
26540
26529
26569
26530
26539
26539
26540
26499
26509
26509
44883
26639
26550
26519
26510
26459
26499
26510
26509
26490
26529
26509
26569
26459
26500
26509
26510
26520
26549
26470
26549
26510
26549
26509
26560
26499
26529
26459
26499
26450
26519
26500
26489
26509
26500
26499
26490
45785
26540
26469
26479
26450
26469
26450
26449
26439
26460
26449
26449
26449
26439
26549
26480
26520
26449
26510
26449
26470
26479
26480
26479
26500
26489
26479
26509
26510
26479
26519
26470
26499
26469
26509
26480
26479
47279
26519
26500
26539
26550
26540
26549
26500
26550
26539
26540
26550
26549
26559
26539
26549
26549
26549
26539
26550
26870
26510
26519
26539
26550
26529
26540
26529
26529
26540
26529
26549
26530
26559
26539
26550
48029
26580
26570
26489
26469
26499
26520
26500
26549
26509
26489
26509
26489
26509
26500
26529
26509
26529
26509
26510
26519
26500
26519
26500
26560
26519
26470
26499
26559
26510
26539
26520
26509
26509
26500
26509
26510
42158
26589
26520
26519
26550
26550
26559
26530
26539
26539
26540
26539
26539
26540
26550
26549
26550
26560
26529
26570
26549
26549
29455
26539
26569
26489
26469
26469
26470
26469
26470
26469
26480
26509
26500
26479
26500
47869
26570
26550
26519
26540
26529
26519
26540
26529
26549
26530
26539
26510
26539
26519
26530
26559
26509
26540
26529
26519
26519
26569
26530
26550
26529
26540
26529
26519
26520
26489
26480
26459
26450
26479
26470
26529
44232
26620
26479
26529
26530
26520
26469
26530
26499
26499
26530
26519
26509
26499
26530
26499
26519
26510
26499
26510
26489
26539
26530
26479
26530
26499
26500
26530
26519
26530
26519
26479
26529
26479
26489
26509
45505
26639
26479
26459
26449
26449
26469
26509
26529
26449
26509
26509
26469
26500
26509
26509
26499
26509
26500
26459
26480
26529
26520
26519
26549
26550
26519
26550
26570
26549
26559
26519
26519
26560
26550
26529
26560
42549
26609
26529
26569
26570
26519
26469
26480
26479
26570
26469
26570
26550
26549
26559
26560
26509
26520
26509
26499
26520
26519
26480
26449
26469
26559
26509
26449
26479
26460
26469
26500
26499
26479
26439
26439
26499
42710
26539
26489
26439
26469
26510
26479
26439
26469
26439
26479
26440
26459
26449
26459
26480
26459
26470
26459
26470
26449
26480
26459
26440
26479
26510
26559
26569
26560
26549
26559
26520
26519
26559
26550
26569
26570
45675
26599
26560
26509
26510
26510
26479
26520
26469
26469
26489
26439
26469
26469
26469
26469
26479
26470
26469
26520
26469
26469
26449
26470
26459
26449
26640
26489
26519
26469
26459
26470
26469
26449
26469
26510
41808
26579
26529
26490
26519
26490
26510
26519
26500
26509
26499
26459
26499
26459
26479
26459
26469
26469
26509
26530
26529
26489
26529
26529
26530
26549
26550
26529
26559
26529
26540
26529
26480
26509
26570
26479
26529
47459
26539
26459
26479
26469
26469
26479
26440
26800
26449
26510
26459
26470
26479
26460
26459
26530
26509
26480
26489
26509
26479
26469
26450
26479
26450
26469
26460
26469
26480
26469
26480
26479
26479
26479
26479
26449
44443
26720
26490
26469
26460
26469
26489
26489
32059
27000
26459
26449
26509
26449
26449
26429
26429
26439
26439
26479
26519
26550
26529
26510
26489
26489
26539
26499
26509
26499
26510
26550
26509
26500
26529
26499
26489
42288
26549
26550
26469
26479
26469
26480
26489
26469
26480
26449
26479
26449
26480
26469
26469
26469
26480
26479
26480
26479
26780
29074
26549
26490
26519
26479
26509
26459
26500
26469
26500
26509
26479
26469
26480
47989
26569
26500
26489
26489
26459
26509
26459
26500
26480
26489
26459
26509
26469
26459
26450
26509
26459
26509
26440
26529
26480
26469
26469
26449
26469
26489
26449
26489
26499
26439
26499
26439
26439
26449
26440
26469
47519
26559
26459
26480
26489
26469
26499
26490
26489
26479
26489
26429
26499
26439
26469
26500
26480
26499
26480
26489
26419
26469
26489
26499
26459
26469
26550
26469
26500
26459
26450
26489
26500
26479
26489
26510
26539
48250
26529
26539
26459
26450
26489
26459
26479
26470
26459
26479
26449
26450
26449
26470
26459
26459
26469
26470
26459
26470
26459
26470
26469
26449
26459
26460
26469
26440
26459
26460
26459
26470
26439
26460
26449
26470
52758
26530
26750
26489
26469
26490
26499
26480
26479
26480
26479
26489
26489
26499
26480
26459
26490
26439
26499
26499
26460
26820
26439
26469
26489
26500
26499
26489
26490
26519
26500
26519
26499
26490
26489
26490
26479
43842
26540
26489
26520
26509
26529
26520
26489
26430
26509
26499
26499
26500
26570
26469
26520
26509
26479
26499
26499
26490
26519
26510
26489
26490
26479
26479
26499
26489
26500
26499
26510
26489
26500
26469
26490
44072
26569
26479
26459
26459
26489
26490
26449
26450
26489
26500
26449
26470
26489
26490
26459
26449
26489
26489
26459
26429
26449
26429
26509
26489
26449
26430
26499
26479
26469
26429
26459
26490
26500
26439
26500
26479
39474
26549
26479
26440
26459
26479
26449
26429
26459
26459
26459
26459
26449
26459
26459
26480
26469
26479
26459
26459
26459
26459
26449
26459
26469
26449
26449
26780
26470
26449
26449
26469
26430
26449
26429
26440
26429
40847
26569
26479
26469
26479
26459
26459
26479
26449
26449
26479
26449
26460
26479
26460
26479
26460
26479
26480
26479
26489
26459
26499
26469
26489
26510
26489
26490
26499
26499
26510
26469
26500
26499
26500
26499
26499
42449
26580
26469
26479
26439
26479
26439
26459
26449
26470
26429
26460
26459
26470
26449
26470
26449
26469
26469
26490
26439
26470
26449
26470
26449
26459
26429
26470
26459
26480
26439
26460
26419
26470
26439
26490
26439
41918
26579
26480
26489
26499
26499
26450
26469
26470
26459
26500
26509
26499
26449
26459
26509
26509
26469
26509
26470
26459
26459
26459
29114
26569
26509
26560
26549
26530
26489
26560
26460
26559
26459
26509
26509
26509
48590
26550
26499
26529
26470
26519
26500
26499
26470
26499
26499
26500
26489
26490
26469
26490
26469
26500
26489
26489
26499
26499
26500
26469
26530
26489
26499
26479
26469
26489
26540
26480
26539
26490
26519
26539
26490
42920
26519
26439
26509
26440
26509
26499
26499
26499
26440
26449
26440
26449
26429
26429
26449
26420
26429
26449
26449
26460
26429
26459
26449
26450
26519
26459
26459
26470
26519
26480
26449
26439
26459
26430
26449
26450
44853
26639
26520
26529
26529
26500
26539
26540
26549
26519
26540
26539
26540
26540
26539
26540
26539
26529
26540
26540
26539
26530
26529
26540
26529
26519
26539
26530
26539
26530
26499
26500
26509
26459
26460
26439
26449
51696
26580
26469
26459
26469
26510
26509
26469
26520
26479
26480
26519
26490
26540
26539
26540
26549
26529
26540
26529
26540
26479
26479
26480
26489
26550
26469
26549
26469
26519
26469
26539
26460
26530
26559
26480
39824
26600
26530
26479
26500
26509
26490
26519
26510
26660
26510
26479
26470
26489
26470
26519
26459
26479
26469
26500
26469
26499
26479
26479
26479
26490
26479
26490
26489
26490
26489
26479
26489
26489
26479
26479
47078
26630
26519
26470
26479
26479
26459
26479
26479
26429
26449
26449
26439
26480
26479
26440
26439
26440
26449
26490
26439
26440
26499
26510
26489
26460
26459
26500
26499
26499
26439
26509
26509
26469
26450
26459
26449
44432
26539
26510
26519
26519
26489
26509
26520
26469
26479
26479
26490
26519
26470
26479
26499
26479
26509
26480
26489
26470
26509
26479
26509
26480
26489
26509
26480
26479
26490
26519
26510
26479
26509
26489
26489
26489
41908
26600
26469
26469
26469
26489
26519
26500
26429
26500
26509
26499
26499
26459
26459
26449
26509
26449
26500
26449
26499
26509
26510
26509
26510
26449
26500
26500
26509
26450
26549
26510
26499
26490
26449
26460
26519
56796
26589
26449
26559
26499
26489
26550
26490
26439
26460
26439
26429
26499
26499
26499
26479
26459
26470
26499
26420
26419
26449
26489
26500
26509
26490
26429
26530
26499
26479
26549
26459
26489
26499
26460
26499
26469
38402
26529
26470
26479
26480
26489
26479
26499
26499
26469
26489
26500
26539
26500
26519
26479
26499
26479
26509
26479
26500
26479
29125
26559
26529
26520
26509
26510
26529
26539
26539
26529
26520
26509
26549
26520
26540
51325
26569
26510
26469
26510
26510
26479
26440
26469
26470
26459
26470
26469
26449
26489
26510
26459
26450
26499
26450
26479
26449
26479
26440
26479
26440
26469
26470
26469
26470
26469
26459
26499
26449
26459
26449
26670
55613
26519
26460
26489
26470
26449
26459
26489
26490
26499
26499
26489
26509
26449
26509
26490
26489
26499
26509
26500
26490
26499
26449
26509
26500
26509
26460
26519
26509
26449
26459
26429
26429
26459
26430
26439
40284
26529
26470
26459
26440
26449
26439
26449
26450
26449
26450
26449
26449
26440
26449
26439
26439
26459
26449
26440
26449
26459
26449
26449
26469
26460
26469
26459
26509
26439
26469
26449
26459
26470
26459
26469
26469
43070
26489
26459
26519
26499
26490
26499
26500
26479
26490
26499
26509
26490
26479
26500
26489
26510
26449
26520
26509
26509
26480
26509
26560
26539
26549
26500
26529
26509
26559
26509
26550
26560
26459
26560
26539
26480
37259
26559
26530
26469
26469
26509
26459
26459
26449
26459
26489
26520
26489
26460
26469
26540
26499
26479
26449
26469
26519
26470
26499
26499
26499
26499
26510
26439
26510
26439
26440
26449
26429
26439
26440
26449
26419
43330
26529
26500
26499
26500
26509
26500
26500
26489
26560
26499
26480
26569
26499
26510
26489
26500
26489
26500
26489
26499
26500
26489
26500
26489
26499
26509
26570
26480
26489
26510
26499
26500
26499
26499
26509
26499
44463
26569
26490
26469
26520
26459
26479
26499
26489
26449
26499
26459
26549
26490
26469
26500
26489
26520
26530
26469
26500
26479
26510
26489
26540
26489
26469
26489
26529
26489
26489
26479
26480
26509
26509
26479
26500
50504
26520
26519
26529
26469
26519
26509
26519
26500
26509
26519
26510
26509
26500
26509
26499
26519
26519
26510
26519
26510
26509
26509
26520
26519
26520
26519
26489
26489
26489
26500
26489
26500
26499
26499
26499
71783
26790
26440
26469
26499
26489
26460
26449
26419
26439
26439
26439
26459
26429
26449
26430
26439
26460
26429
26439
26449
26449
26469
26780
26469
26459
26449
26449
26459
26419
26469
26419
26439
26439
26449
26460
55142
26649
26509
26490
26489
26479
26469
26469
26469
26469
26479
26470
26479
26470
26469
26480
26479
26470
26469
26480
26469
26479
29485
26540
26469
26459
26449
26440
26469
26460
26449
26450
26459
26460
26439
26459
26450
42830
26539
26479
26560
26469
26520
26509
26499
26500
26519
26510
26529
26479
26519
26499
26500
26519
26490
26519
26520
26519
26569
26510
26459
26460
26520
26519
26520
26529
26510
26499
26499
26500
26469
26500
26509
26559
45906
26599
26559
26550
26519
26560
26540
26539
26500
26550
26509
26550
26509
26559
26520
26549
26520
26510
26559
26520
26560
26529
26560
26870
26550
26519
26519
26509
26509
26510
26519
26520
26520
26509
26520
26509
48170
26609
26510
26489
26490
26439
26480
26459
26470
26469
26469
26469
26470
26469
26459
26439
26439
26439
26460
26439
26460
26439
26449
26469
28874
29044
26479
26459
26469
26469
26509
26739
26549
26479
26479
26509
26509
41116
26569
26500
26469
26480
26449
26489
26479
26499
26479
26539
26510
26549
26499
26549
26499
26500
26499
26500
26509
26479
26539
26499
26540
26539
26499
26510
26519
26480
26529
26549
26550
26549
26510
26550
26549
48090
26589
26509
26529
26520
26509
26489
26459
26559
26479
26529
26550
26519
26519
26570
26519
26570
26530
26529
26540
26529
26509
26520
26529
27250
30837
26560
26519
26530
26510
26509
26510
26499
26510
26509
26510
26510
44713
26560
26489
26459
26449
26500
26469
26509
26479
26460
26449
26469
26489
26509
26460
26449
29455
26620
26519
26529
26520
26519
26520
26529
26519
26519
26539
26489
26499
26520
26509
26509
26510
26469
26470
26519
26509
41908
26550
26479
26479
26469
26479
26490
26519
26480
26469
26480
26499
26499
26489
26510
26499
26489
26490
26499
26510
26499
26499
26469
26479
26469
26449
26479
26509
26540
26519
26509
26520
26549
26479
26489
26470
26539
41869
26639
26570
26500
26459
26510
26459
26560
26509
26459
26519
26519
26520
26519
26449
26520
26519
26520
26519
26520
26509
26519
26450
26519
26460
26519
26500
26459
26510
26509
26509
26449
26509
26510
26519
26530
26509
45494
26499
26470
26439
26489
26509
26549
26500
26459
26460
26459
26469
26459
26450
26469
26460
26499
26449
26469
26509
26499
26499
26499
26499
26490
26439
26450
26499
26480
26509
26479
26499
26439
26459
26449
26439
26440
47919
26570
26529
26519
26530
26469
26480
26489
26500
26489
26479
26499
26499
26499
26489
26469
26499
26500
26499
26479
26489
26500
29705
26479
26519
26509
26500
26499
26520
26520
26509
26560
26569
26509
26530
26529
46927
26610
26519
26499
26489
26529
26519
26519
26519
26519
26519
26519
26519
26509
26519
26529
26510
26519
26510
26519
26529
26520
26519
26520
26540
26509
26519
26519
26519
26539
26529
26540
26519
26540
26520
26529
26530
45996
26519
26510
26499
26489
26469
26479
26470
26469
26470
26539
26469
26489
26469
26469
26460
26499
26479
26480
26489
26479
26509
26490
26539
26530
26530
26549
26490
26489
26530
26510
26499
26540
26469
26499
26529
26529
46346
26529
26500
26489
26559
26540
26549
26550
26540
26549
26549
26540
26549
26539
26539
26549
26540
26549
26549
26499
26499
26509
26489
26529
26550
26549
26529
26529
26489
26490
26489
26519
26540
26539
26500
26499
26550
44773
26589
26550
26509
26519
26530
26529
26529
26530
26539
26530
26510
26479
26510
26469
26480
26469
26510
26499
26499
26490
26499
26490
26489
26460
26499
26460
26499
26499
26439
26439
26449
26429
26449
26449
26439
44643
26579
26480
26469
26480
26459
26529
26449
26509
26449
26469
26449
26479
26429
26460
26439
26440
26449
26439
26439
26500
26479
26440
26459
26459
26800
26459
26480
26459
26459
26459
26490
26509
26439
26549
26549
26470
41166
26589
26459
26449
26480
26559
26459
26499
26449
26479
26489
26439
26450
26439
26439
26499
26439
26459
26479
26429
26489
26439
26480
26499
26479
26459
26549
26459
26499
26510
26499
26500
26499
26500
32220
27551
26500
45184
26759
26519
26499
26509
26500
26499
26490
26489
26459
26519
26499
26680
26499
26500
26500
26509
26499
26519
26499
26469
26469
26509
26519
26450
26519
26449
26529
26450
26519
26439
26449
26459
26459
26460
26459
26460
40796
26540
26479
26459
26439
26459
26479
26540
26499
26470
26479
26479
26469
26470
26459
26480
26479
26470
26479
26489
26469
26489
26469
26479
26540
26479
26479
26489
26489
26489
26459
26510
26479
26480
26479
26499
26479
41908
26539
26469
26509
26489
26520
26439
26479
26449
26460
26499
26520
26439
26469
26509
26469
26489
26510
26469
26460
26449
26479
26459
26509
26459
26499
26509
26499
26490
26499
26449
26459
26520
26469
26510
26479
26499
43511
26619
26519
26470
26519
26520
26519
26470
26509
26509
26510
26529
26509
26519
26519
26520
26509
26520
26509
26499
26520
26509
26530
29104
26550
26479
26579
26520
26509
26570
26470
26559
26510
26519
26469
26520
26539
53931
26610
26539
26539
26520
26519
26499
26509
26429
26499
26519
26449
26529
26510
26479
26499
26529
26459
26459
26509
26499
26519
26510
26519
26819
26509
26510
26509
26520
26489
26509
26510
26529
26509
26519
26500
57808
26660
26549
26479
26530
26479
26469
26469
26469
26459
26509
26459
26509
26490
26519
26619
26509
26490
26509
26450
26499
26479
26519
26569
26520
26509
26510
26499
26549
26469
26519
26490
26489
26489
26459
26489
43812
26570
26509
26519
26519
26509
26500
26529
26519
26519
26489
26520
26529
26499
26529
26519
26510
26509
26499
26519
26500
26509
26499
26520
26499
26560
26540
26549
26550
26549
26559
26539
26559
26529
26540
26560
26549
43361
26530
26489
26430
26449
26479
26489
26470
26479
26519
26479
26509
26460
26479
26450
26469
26490
26509
26529
26469
26520
26480
26479
26450
26469
26450
26479
26480
26449
26479
26479
26450
26429
26460
26469
26429
26449
43781
26529
26490
26489
26480
26449
26439
26439
26469
26509
26449
26439
26450
26479
26479
26469
26519
26490
26499
26509
26479
26470
26479
26480
26509
26479
26489
26450
26479
26509
26509
26439
26510
26469
26499
26489
26510
58078
26530
26449
26469
26449
26470
26459
26470
26469
26418
26459
26510
26449
26459
26489
26450
26429
26480
26469
26460
26439
26449
26469
26420
26489
26469
26459
26470
26459
26440
26459
26440
26459
26489
26459
26470
26479
38933
26540
26499
26499
26500
26509
26510
26509
26499
26449
26509
26449
26480
26479
26479
26489
26509
26510
26499
26509
26449
26509
26509
26499
26510
26820
26500
26499
26499
26479
26479
26479
26470
26489
26439
26469
41067
26640
26499
26480
26509
26519
26519
26499
26529
26510
26519
26509
26529
26509
26520
26519
26520
26509
26529
26530
26519
26529
26529
26519
26520
26539
26559
26540
26559
26549
26550
26569
26530
26570
26559
26559
26550
38201
26620
26469
26440
26429
26419
26419
26439
26459
26430
26419
26449
26449
26459
26439
26449
26460
26439
26440
26459
26450
26439
26440
26459
26429
26449
26449
26449
26449
26460
26439
26450
26449
26440
26439
26460
26439
26449
39373
26580
26539
26499
26479
26529
26569
26549
26509
26510
26509
26559
26530
26529
26550
26529
26569
26569
26509
26499
26550
26529
26459
29094
26509
26780
26449
26469
26469
26469
26479
26480
26469
26509
26469
26489
40506
26619
26479
26470
26449
26510
26509
26490
26509
26449
26459
26470
26459
26450
26459
26450
26449
26439
26449
26449
26499
26459
26439
26499
26449
26449
26459
26459
26449
26500
26499
26510
26509
26500
26509
26460
26509
26459
45244
26589
26440
26469
26470
26499
26459
26449
26460
26489
26449
26449
26460
26459
26500
26499
26449
26469
26499
26489
26449
26499
26499
26459
26489
26500
26469
26490
26489
26500
26509
26500
26510
26509
26510
26519
26529
44112
26539
26490
26479
26450
26439
26469
26459
26439
26519
26449
26459
26450
26499
26429
26469
26490
26459
26500
26449
26450
26489
26440
26509
26460
26469
26499
26469
26449
26519
26449
26489
26489
26450
26449
26490
39413
26599
26500
26469
26499
48760
26569
26549
26530
26519
26540
26529
26499
26490
26499
26520
26519
26529
26479
26479
26479
26519
26490
26519
26489
26780
26519
26519
26509
26529
26469
26480
26509
26520
26449
26530
26489
53208
26509
26490
26519
26449
26499
26490
26490
26519
26710
26510
26489
26490
26499
26500
26489
26489
26509
26459
26470
26509
26459
26519
26470
26469
26470
26469
26480
26529
26509
26509
26509
26470
26479
26519
26469
42980
26569
26519
26500
26459
26489
26459
26510
26479
26499
26459
26499
26489
26509
26510
26469
26459
26489
26460
26469
26470
26489
26500
26459
26480
26469
26469
26469
26470
26479
26460
26469
26480
26469
26459
26469
26459
44583
26530
26509
26460
26459
26459
26469
26460
26459
26470
26459
26460
26459
26480
26509
26509
26459
26500
26489
26459
26470
26469
26470
26499
26489
26459
26810
26490
26469
26459
26459
26499
26489
26469
26500
26499
26490
38942
26609
26539
26550
26539
26519
26510
26559
26489
26549
26539
26530
26539
26539
26530
26499
26499
26499
26499
26499
26499
26499
26499
26510
26499
26500
26489
26489
26489
26499
26540
26459
26490
26479
26479
26489
26480
47819
26570
26509
26529
26520
26519
26530
26500
26479
26429
26489
26500
26499
26500
26499
26470
26479
26490
26489
26479
26480
26479
26489
26479
26489
26489
26500
26499
26500
26500
26499
26499
26499
26500
26499
26499
26510
51726
26530
26489
26489
26469
26500
26469
26489
26439
26479
26490
26479
26469
26479
26479
26489
26479
26489
26500
26489
26489
26509
28783
26600
26540
26529
26499
26499
26489
26500
26499
26469
26489
26439
26660
26519
55853
26559
26439
26489
26469
26510
26459
26490
26509
26460
26459
26460
26519
26460
26449
26499
26479
26459
26499
26449
26499
26459
26479
26459
26430
26519
26460
26459
26480
26519
26440
26459
26449
26459
26439
26509
26650
44001
26519
26490
26459
26439
26439
26479
26449
26470
26459
26480
26459
26440
26449
26470
26449
26470
26469
26479
26459
26499
26449
26480
26449
26440
26459
26500
26429
26490
26449
26500
26459
26469
26449
26460
26459
42279
26590
26459
26509
26469
26499
26499
26459
26500
26509
26510
26519
26519
26510
26509
26519
26509
26520
26509
26469
26460
26499
26500
26519
26510
26510
26459
26480
26479
26509
26499
26470
26469
26480
26499
26509
26500
44362
26610
26510
26489
26530
26510
26499
26520
26509
26499
26479
26479
26559
26519
26500
26479
26480
26499
26499
26489
26490
26490
26489
26449
26519
26479
26489
26480
26489
26509
26489
26479
26469
26489
26489
26489
26510
52778
26630
26480
26469
26479
26469
26469
26449
26469
26479
26450
26479
26449
26469
26460
26469
26470
26439
26449
26469
26469
26459
26459
26479
26459
26479
26459
26439
26479
26449
26479
26479
26449
26460
26439
26450
26459
45985
26530
26480
26449
26459
26439
26459
26459
30577
26709
26539
26530
26519
26539
26519
26539
26510
26539
26520
26529
26529
26530
26519
26539
26520
26539
26519
26530
26529
26530
26519
26530
26539
26519
26519
26529
45214
26549
26469
26499
26489
26500
26489
26489
26489
26489
26499
26499
26500
26499
26490
26489
26500
26489
26490
26499
26449
26509
26499
26499
26489
26470
26449
26459
26449
26460
26449
26459
26459
26459
26459
26449
26450
40545
26589
26499
26459
26459
26469
26490
26439
26479
26449
26469
26449
26469
26449
26449
26469
26449
26469
26459
26469
26460
26479
26450
26469
26450
26459
26449
26479
26450
26469
26460
26479
26429
26449
26430
26449
26459
49462
26550
26459
26460
26429
26469
26429
26469
26450
26439
26459
26449
26470
26439
26460
26449
26449
26439
26459
26429
26469
26439
26449
26450
26459
26439
26479
26449
26469
26459
26479
26469
26489
26450
26479
26469
26479
52017
26539
26520
27161
26449
26499
26509
26500
26529
26480
26530
26499
26510
26449
26480
26469
26499
26530
26459
26550
26499
26519
26499
29234
26490
26459
26510
26459
26519
26449
26510
26459
26509
26499
26509
26510
26469
47128
26520
26530
26519
26520
26509
26519
26519
26519
26510
26519
26509
26510
26509
26520
26509
26459
26510
26519
26520
26519
26519
26519
26509
26520
26459
26520
26519
26520
26520
26519
26510
26469
26520
26519
26509
45575
26629
26520
26459
26429
26409
26470
26419
26480
26419
26480
26419
26419
26430
26419
26419
26469
26420
26419
26419
26419
26429
26419
26419
26480
26429
26419
26449
26459
26449
26459
26460
26449
26460
26459
26470
26459
42589
26579
26499
26520
26519
26499
26479
26519
26470
26459
26470
26509
26510
26469
26509
26469
26519
26499
26479
26499
26479
26500
26469
26470
26479
26479
26469
26460
26509
26469
26509
26469
26469
26459
26459
26509
26510
47909
26590
26499
26510
26499
26469
26459
26469
26430
26469
26499
26439
26480
26469
26469
26459
26500
26459
26480
26479
26470
26489
26470
26469
26540
26530
26529
26530
26539
26520
26549
26529
26540
26520
26509
26530
26499
51446
26560
26510
26479
26510
26509
26519
26510
26489
26499
26489
26520
26499
26450
26499
26499
26499
26499
26449
26499
26459
26509
26510
26499
26459
26499
26509
27201
30787
26499
26469
26459
26479
26499
26459
26509
26469
26639
26569
26490
26469
26490
26459
26480
26469
26470
26489
26460
26469
26469
26479
26469
26489
26469
26469
26469
26479
26460
26459
26469
26479
26480
26469
26459
28984
28944
26460
26469
26459
26459
26460
26459
26450
42118
26630
26560
26549
26549
26500
26519
26500
26509
26499
26520
26489
26499
26499
26520
26500
26519
26500
26519
26490
26530
26509
26519
26479
26520
26499
26519
26510
26499
26500
26499
26460
26459
26459
26459
26450
26469
47909
26529
26470
26499
26499
26479
26489
26489
26479
26479
26489
26490
26479
26479
26479
26480
26479
26490
26479
26479
26480
26489
26479
26509
26510
26499
26470
26549
26549
26550
26549
26499
26540
26509
26520
26509
26559
47338
26619
26539
26469
26499
26500
26459
26499
26500
26499
26510
26479
26470
26509
26499
26510
26509
26499
26509
26609
26500
26469
26479
26469
26459
26459
26449
26510
26479
26449
26439
26450
26449
26499
26509
26459
45244
26650
26499
26519
26510
26499
26540
26529
26519
26499
26499
26520
26519
26519
26540
26529
26530
26519
26529
26520
26529
26530
26540
29104
26590
26530
26529
26540
26509
26529
26519
26519
26510
26519
26529
26530
26539
45044
26559
26449
26459
26450
26439
26439
26429
30276
26529
26450
26449
26450
26439
26439
26450
26449
26440
26449
26439
26439
26449
26439
26449
26439
26450
26439
26469
26459
26459
26469
26459
26459
26469
26469
26459
26459
43962
26529
26489
26490
26469
26469
26469
26469
26469
26460
26459
26470
26459
26459
26459
26470
26469
26460
26459
26460
26459
26469
26469
26460
26459
26470
26459
26460
26469
26470
26459
26450
26469
26459
26459
26459
26469
42500
26559
26499
26440
26479
26449
26459
26449
26459
26459
26469
26449
26460
26459
26460
26459
26460
26459
26470
26439
26449
26439
26449
26449
26450
26449
26460
26449
26449
26449
26450
26469
26510
26459
26500
26499
26499
36989
26630
26539
26549
26570
26559
26509
26520
26509
26440
26499
26440
26479
26440
26439
26470
26469
26470
26439
26449
26439
26430
26459
26460
26449
26439
26469
26439
26460
26439
26439
26469
26449
26449
26440
26469
26460
46276
26600
26489
26459
26480
26439
26439
26429
26459
26439
26479
26419
26449
26440
26499
26440
26499
26499
26490
26469
26439
26499
26440
26459
26480
26449
26489
26489
26439
26449
26499
26469
26440
26489
26490
26489
26439
40405
26520
26449
26500
26499
26490
26479
26489
26489
26479
26479
26479
26480
26489
26490
26479
26490
26489
26490
26489
26489
26479
26489
26490
26489
26479
26489
26510
26499
26490
26499
26500
26500
26499
26510
26499
26500
49572
26509
26489
26549
26520
26469
26529
26509
26469
26520
26479
26469
26469
26510
26499
26510
26519
26469
26500
26469
26470
26469
26550
26469
26559
26510
26459
26560
26509
26519
26559
26459
26470
26499
26460
26469
26470
37790
26590
26569
26509
26550
26549
26539
26510
26509
26500
26489
26499
26509
26459
26510
26449
26449
26449
26449
26499
26460
26449
26450
26449
26450
26469
26450
26499
26550
26499
26449
26449
26450
26489
26499
26429
41366
26569
26479
26469
26439
26429
26449
26439
26440
26449
26449
26439
26440
26439
26440
26449
26490
26439
26489
26439
26450
26439
26500
26449
26490
26449
26429
26449
26439
26459
26459
26469
26469
30657
26599
26499
30106
53059
28442
29404
26519
26470
28773
29925
26589
26469
26499
26460
26459
26459
26459
26460
26499
26459
26469
26459
26459
26469
26459
26459
28934
26549
26489
26489
26479
26480
26479
26490
26479
26479
26469
26490
26479
26479
39203
26560
26479
26480
26459
26459
26469
26479
26460
26469
26469
26459
26520
26459
26470
26469
26469
26469
26469
