39324
38041
37931
37880
37911
37940
37971
37900
35176
35266
35265
35216
35265
35235
35195
35246
35295
35255
35225
35176
35186
35225
35156
64650
35225
35215
35226
35195
35236
35176
35196
35165
35105
35165
35136
35186
63648
35226
35175
35176
35196
35506
35176
35195
35186
47889
35225
35266
35185
35216
35225
35176
35216
35225
35195
35196
35196
35235
35195
35236
35195
35155
35195
35256
35265
35175
35155
35185
35196
75039
35156
35246
35165
35216
35195
35155
35166
35336
35205
35136
35176
35215
35145
35296
35186
35195
35235
35196
35226
35176
35186
35235
35236
35216
35215
35205
35175
35155
35166
35125
35206
35155
35176
35196
35166
35246
35185
35196
35146
35216
35296
35176
35215
35246
61265
35216
35266
35166
35517
35175
35166
35196
35186
35145
35145
35115
35216
35115
35125
35125
35216
35186
35216
35216
35206
35195
35256
35206
35175
35206
35235
35255
35396
35175
35205
35195
35176
35176
35185
35225
35216
35195
35205
35196
35526
35256
74178
35205
35165
35215
35216
35235
35155
35225
35155
35195
35155
35216
35216
35205
35185
55173
35075
35145
35125
38762
35376
35206
35195
35145
35146
35136
35105
35125
35126
35205
35185
35216
35246
35216
35215
35176
35206
35165
35205
35156
35215
35196
35216
35205
63789
35165
35055
35176
35086
35095
35136
35115
35216
35245
35156
35245
35195
35215
55734
35165
35155
35196
35206
35206
35195
35205
35215
54932
35156
35166
35146
35185
35195
35085
35226
35195
35195
35216
35206
35155
35175
35206
35226
35246
35176
35206
35256
35165
35146
35216
35195
35206
35165
35205
35125
35145
65281
35145
35225
35216
35136
35215
35195
35266
35256
35185
35255
35205
53921
35195
35165
35176
35186
35226
35185
35266
35166
35226
35205
35195
35235
35156
35135
35185
35196
35176
35156
35245
35156
35225
35185
35095
40144
58469
35196
35185
35195
35185
35105
35115
35136
35116
35175
35166
35106
35246
35195
35195
35206
35125
35176
35245
35235
35186
35175
35195
35145
35096
35085
37740
35136
35216
35156
35236
35106
35125
35126
35155
35095
55082
35205
35176
35186
35205
35215
35196
35195
37229
64400
35196
35215
35226
35176
35195
35235
35386
35246
35175
35205
35225
35196
35155
35146
35155
35225
35196
35235
35245
35215
35216
35206
35516
35215
35216
35096
35175
35095
35115
35156
35106
35165
35186
35206
35185
35196
35236
35196
35195
35206
50574
35156
35155
35236
35206
35246
35215
52818
35145
35186
35175
35196
35286
35265
35175
35245
35166
35145
35146
35076
35175
35185
35156
35145
35196
35205
35175
35225
35206
35165
35166
35165
35255
35246
35185
35185
35095
35106
54952
35226
35146
35266
35205
35165
35236
35245
35165
35225
35185
35186
35175
35266
35225
35235
35155
35216
35176
35235
35056
35125
35426
35175
35216
35245
35196
35215
35216
35205
35236
63027
35175
35246
35195
35095
35116
52568
35155
35156
35185
35136
35236
35195
35125
35235
35216
35176
35155
35166
35216
35145
35186
35215
35236
35216
35175
35175
35206
35205
35206
35246
35206
35195
35176
35235
35215
35146
35215
35145
35175
57898
40686
41326
39915
41186
40375
40986
35135
35175
35136
35125
35166
35096
35115
35095
35186
35216
35176
35165
35145
35186
40205
35155
35196
35185
35215
35215
35196
35175
35206
35196
35196
35195
35166
35216
35186
35285
35226
35225
35265
35205
35165
35156
35105
37660
35145
35205
35155
35206
35236
35186
35196
35136
56926
35176
35166
35126
35115
35156
35165
35125
35246
35225
35175
35156
35176
35186
35135
40185
53840
35166
35225
35126
35186
35136
35135
35116
35145
35176
35165
35195
35156
35166
35215
35206
54301
35096
35125
35125
35116
35135
35176
35156
35195
35175
35176
35206
35206
35175
35175
35185
35206
35186
35255
35155
35135
55323
35115
35186
35136
35176
35155
35195
35215
60682
35186
35185
35165
35165
35226
35516
35226
35135
35136
35156
35135
35176
35095
35095
35226
35206
35235
35206
35256
35195
35255
35235
35176
35236
35196
35135
35185
35216
35175
35145
35126
35166
35216
55483
35225
35145
35116
35126
35135
35166
35185
35236
35166
35176
35186
35166
35206
35236
35176
35195
35136
35116
35135
65071
35165
35196
35226
35175
35196
35225
35176
35245
35136
35206
35155
35205
35185
35225
35165
35246
35185
35166
35216
35236
35195
35185
35176
35166
35195
35235
35126
35096
35095
46797
35206
35165
35185
35266
35165
35175
35216
35155
35156
35135
35145
35246
35215
35205
35245
35215
35196
35206
35195
35135
35236
35176
35255
35196
35186
35256
35196
35205
35135
53320
35176
35236
35195
35196
35206
35246
35145
35166
35235
35216
35226
35185
35245
35166
35236
35185
35215
35185
35166
35166
35146
66784
35236
35216
35245
35216
35166
35216
35426
35155
35145
35096
35126
58088
35225
35205
35165
35176
35155
35266
35196
35265
35206
35205
35176
35136
35195
35156
35135
35186
35155
35166
35116
35115
35065
35116
35095
35255
35176
35175
35166
35196
35155
35186
35216
35286
35176
35165
35186
35165
35125
35276
35255
35175
35195
35135
35186
35176
35165
35306
35166
35236
35156
35196
35206
35236
35266
35186
35155
35215
35135
35196
35156
35195
35245
35216
35165
35185
35166
35265
35205
35175
35215
60162
35206
35256
35176
35195
35185
35205
35195
35315
35145
35186
35186
35146
35116
35155
35165
35295
35186
35205
35255
35185
35225
35235
35195
63949
35115
35166
35116
35115
35175
35135
35186
35256
35225
35195
35225
35186
35205
35246
35095
35086
35095
35115
35126
35155
35155
35115
35215
35176
35196
35176
35195
35206
35166
58169
35205
35256
35235
35155
35205
35265
35146
35216
35255
35226
35236
38782
35145
35125
35155
35156
35115
35136
35145
35175
35185
35236
35145
35176
35155
35546
35206
35166
35196
35226
35206
35186
35195
35195
35235
35225
35206
35195
35256
35216
35186
35195
35246
35156
35235
35225
35185
35216
35246
35265
35206
35236
35215
35236
35156
35246
35165
35216
35246
35256
35195
35166
35216
35186
35206
35235
35226
35206
35215
35216
35235
35226
35165
35206
35206
35155
35156
35235
35205
35196
35196
63057
35236
35205
35216
35146
35155
35155
58178
35216
35156
35236
35225
35226
35216
54582
35145
35205
35176
35166
35156
35166
35105
35196
35166
35165
35216
35245
35226
66153
35195
35185
35165
35156
35085
35095
35116
35155
35175
35176
35216
35175
35185
35216
35165
35226
35085
35165
35206
35155
35136
35115
35195
35195
35226
35235
35235
35206
35246
35266
35166
35195
35166
35165
60312
35155
35246
35196
35196
35205
35186
35255
68257
35206
35146
35135
35116
35165
35135
35096
35245
35176
35175
35185
35165
35295
35185
35216
35196
35366
35175
35205
35175
35165
35196
35265
35165
66684
35156
35126
35175
35155
35155
35175
35175
35225
40536
35176
35195
35186
35236
35176
35205
35145
35236
35185
35146
35235
35456
35206
35236
35205
35225
35235
35185
35165
35156
35196
35216
35255
35186
35235
35176
35186
35196
35235
35165
35155
35195
35185
35196
35216
35175
35276
35276
35206
35206
35216
35155
35166
35176
35126
35166
35195
59250
35196
35226
35206
35256
35215
35216
35155
35206
35206
35206
35226
35256
35195
35226
35145
35085
35145
35355
35176
35135
35206
35195
35195
35206
35166
35205
35136
35196
35176
35205
35195
35136
35135
35165
35195
35215
35215
35185
35186
35195
35165
35236
35175
35196
35225
35075
35166
35115
35206
56555
35236
35186
35175
35206
35205
35156
54561
35206
35215
35095
35095
35096
35146
35176
35206
35175
35165
35196
35166
35196
35146
35215
35186
35186
35256
35236
35235
35175
56034
35215
35196
35216
35216
35225
35276
35185
35255
35206
35195
70001
35156
35206
35195
35205
35165
35155
35106
35126
35286
35196
35196
35156
35216
35276
35225
55022
35215
35196
35155
35165
35135
35165
35175
35135
58077
35205
35175
35195
35195
35216
35216
35175
51606
35175
35125
35075
35136
35086
35096
35666
35186
35175
35135
35176
35176
35226
38271
35165
35166
35175
35215
35156
35195
35165
60543
35216
35175
35256
35245
35226
35215
35246
35136
35215
35255
35205
35185
35175
35165
35196
35155
35085
35116
35145
35075
35105
35165
35145
35156
35255
35165
35146
40495
35186
35135
35196
35186
35216
35206
35185
35205
35216
35176
35286
35175
35145
35125
59200
35195
35216
35215
35235
35295
35196
35346
35215
35176
35246
35196
35235
35315
35196
35196
35185
35176
35135
35225
35225
35286
35155
35186
35185
35246
35195
35186
35176
35215
35186
35216
35186
35165
35215
35195
35215
35206
35145
35146
35096
35136
53149
40185
35226
35216
35186
35205
35225
35176
52287
35146
35165
35145
35175
35145
35135
58789
35236
35156
35226
35186
35216
35166
35245
35206
35186
35175
35235
35175
35195
35216
35256
35376
35206
35245
35166
35156
35226
35155
35125
35195
35186
35225
35226
35215
35185
35206
54311
35146
35135
35176
35115
35146
35116
35175
35145
35306
35196
35185
35196
35216
35376
37079
35205
35216
35175
35125
35095
35105
35115
58129
35205
35226
35235
35236
35205
35195
35195
35015
35135
35105
35116
35105
35095
35036
35145
35185
35245
35255
35215
35196
35155
35185
35236
35165
35156
35216
35215
35205
35185
57096
35236
35196
35196
35216
35216
58710
35235
35226
35176
35095
35106
35145
35106
35226
35156
35165
35195
35186
35226
35196
35176
35236
35176
35196
35135
35196
54331
35185
35145
35216
35125
35165
35215
35165
35176
35166
35145
35165
35095
35145
35146
35145
35766
35235
35176
35186
35215
35206
35175
35205
35286
35176
35145
35186
35135
35136
35145
35125
35185
35245
35226
35195
35186
35175
35206
58017
35175
35165
35146
35155
35165
35166
57216
35185
35165
35255
35205
35175
40155
35226
35226
35216
35185
35256
35246
35216
35215
35216
35215
35225
35235
35155
35185
35175
52518
39133
35146
35175
35195
35186
35195
35135
35195
35195
35215
35116
35156
35206
35085
35145
35105
35175
35256
35226
35185
35196
35145
35135
35095
35206
35065
35095
35116
35085
35146
35196
35216
35186
35175
35136
35225
35166
35195
35196
35126
35245
35195
35196
58840
35236
35236
35165
35205
35225
35165
61284
35196
35135
35166
35135
35145
35236
35185
35156
35206
35225
35276
35186
35246
35326
35165
35205
35135
35215
35186
35225
35175
38451
37660
35146
35135
35156
35225
35196
35115
35115
35135
35116
35146
35135
35125
35416
35206
35185
35195
35225
35256
35165
35186
37450
35165
35166
35136
35205
35195
35145
35265
35195
35215
35195
35236
35185
59311
35226
35155
35175
35255
35206
35165
35185
35205
35226
35176
35416
35075
35115
35105
35175
35106
35135
35115
35136
35115
35095
35125
35125
35236
35206
35195
35156
35156
35235
35226
54872
36378
35196
35176
35255
35166
35186
35196
55363
35256
35226
35235
35186
35176
35216
35216
35176
35225
35196
35185
35166
35165
35316
35185
35186
35235
35225
35196
35175
35186
35185
35195
35145
53730
35206
35195
35166
35206
35206
35216
35226
35256
35205
35216
35186
35216
35135
35176
35206
35185
35235
35175
35186
35206
35165
35206
35196
35246
35195
35166
35225
35186
35186
35165
56426
38762
35205
35126
35165
35146
51586
35246
35235
35165
35196
55904
35136
35205
35176
35196
35225
35155
35225
35185
35196
35185
35206
35206
56615
35136
35206
35126
35085
35145
35256
35185
35175
35185
35176
60162
35436
35156
35086
35126
35115
35206
35185
58398
35136
35146
35156
35136
35166
35195
35406
35206
35155
35196
35196
35176
35226
35276
35215
35225
35185
35186
35215
35176
35176
35316
35196
35205
35155
35115
66984
40255
35246
35175
35176
35205
35186
35216
35215
35166
35086
35115
35116
35155
37740
35185
35145
35195
35246
35196
35236
35125
35196
35145
35236
35165
35136
35336
35256
35226
35186
35226
35225
35186
53780
35186
35146
35196
35155
35156
35156
35186
35215
58990
35135
35266
35205
35236
35226
35215
35476
35096
35165
35105
35186
35146
35115
35216
35176
35256
35165
35206
35195
35156
35245
35165
35186
35106
35166
35125
35156
35165
35185
35146
35186
35146
35205
35155
35176
35225
35236
35185
35156
35216
35226
35236
35466
35106
35165
35066
35135
35185
35146
35095
35096
35096
35266
35196
35196
35216
35075
35106
35216
35156
35176
35235
35216
35226
35186
35196
35235
35136
35156
35176
35115
35115
35095
35145
60763
35206
35245
35216
35215
35206
35205
35216
35146
35195
35225
35276
35215
35185
35185
66103
35216
35125
35086
35125
35165
35146
35095
35256
35225
35235
35306
35206
35225
35205
35135
38561
35216
35205
35236
35236
59411
35146
35145
35126
35125
35126
35115
55904
35166
35135
35175
35166
35236
35215
50564
35075
35185
35125
35136
35146
35165
35176
56295
35216
35216
35175
35166
35185
35185
35205
35196
73496
35256
35176
35195
35246
35185
35236
35246
35195
35456
35215
35225
35186
35195
35145
35145
35196
35196
35225
35275
35146
35156
35155
35135
35105
35115
35115
35125
35225
37741
35166
35195
35246
35206
58519
35215
35196
35206
35236
35175
35206
35305
35196
35206
35195
35185
35336
35166
35215
35215
35175
35185
35185
51496
35215
35185
35155
35206
35225
35195
35166
35186
35155
35095
35175
35116
35196
35246
35125
35125
35175
35146
35165
35095
35356
35095
35115
35095
35166
35165
35166
35085
35166
35226
37630
35146
35075
35166
35105
35126
35135
35276
35135
35155
35136
35155
35156
35176
35095
35145
35226
35085
35085
35176
35105
35106
35136
35075
35106
35205
35135
40014
35115
35146
35135
35145
35146
35195
35135
35176
35175
35155
35116
49682
35196
35156
35156
35176
35126
35155
35176
35215
35165
35116
35135
35136
35145
35196
35256
35116
38441
35116
35146
35126
35366
35145
35165
35196
35156
35105
35085
59550
35196
39574
35185
35116
35145
35166
35126
35225
35156
35095
35166
35106
35135
35095
51626
35145
35166
35136
35155
35175
35175
35206
35165
35125
35126
35106
35105
35136
35085
35205
35126
35186
35205
35126
35176
35155
35166
35225
35206
35116
35196
35115
52257
35176
35125
39264
35125
35125
35156
35135
35186
35246
35095
35146
35126
35135
35086
35155
35136
35155
35095
35105
35176
35096
35145
35115
35146
35276
35095
35176
35125
35096
35095
35105
35155
35145
35155
35125
35106
35135
35115
35146
35145
35095
35165
35225
35215
35166
35065
35155
35186
35205
35146
35115
35145
35145
53059
35155
37670
35095
35145
35186
35115
64740
35156
40135
35125
35135
35145
35266
35105
35125
35136
35216
35155
35206
35096
35155
35155
35155
35166
35246
35135
35186
35126
35166
35146
35105
35216
56555
35115
35125
35125
35166
35106
35146
35145
35196
35326
35126
35125
35155
35095
35105
35135
58729
35075
35155
35145
35115
35186
35145
35135
65522
35236
35135
35165
35145
35145
35185
47799
35085
35115
35155
35125
35115
35135
35086
55793
35255
35145
35165
35146
35156
35256
35156
35166
51025
35185
35146
35145
35136
35156
35125
61555
35146
39864
35175
35195
35185
55072
35146
35125
35126
35215
35085
35085
35155
35126
35075
35175
35106
35115
35106
35085
35216
35085
35105
35195
35175
35135
35136
35106
35196
35126
35125
35145
35125
35095
35085
35245
35156
35205
35206
35226
35166
35225
35206
35155
35155
35105
35125
35125
59190
35145
35105
35115
35036
35136
35176
35075
35195
55493
35176
35115
35095
35125
35125
35095
35105
35245
35135
35186
35135
35146
35145
35085
35146
35195
35256
35135
35106
35165
35175
35145
35225
35156
35045
35105
35106
35135
35125
35175
35136
35136
35155
35105
35145
35126
35106
35186
35185
35095
35225
35205
35176
35105
35276
35105
39774
35165
35125
35186
35155
35155
61374
35215
35135
35186
44954
35145
35145
35185
35065
35156
35125
35105
35126
35085
35165
35156
35176
35146
38562
35106
35176
35105
35175
35386
35095
35125
35156
35105
35086
50725
35256
35185
35165
35165
35185
35136
58329
35206
35135
35206
35146
35146
35216
35196
35086
35086
35156
35135
54180
35136
35135
35155
35146
35176
35116
55413
35156
35125
35186
35155
35095
35176
50915
35195
35105
35106
35146
35125
35105
35175
35125
35306
35176
35156
35116
35155
35185
35266
35165
35175
35136
35145
35165
35155
35176
35146
55674
35165
35126
35075
35195
35166
35085
35145
35076
35256
35136
35146
35116
35075
35185
35156
35215
35156
35105
35125
35205
35175
35125
35435
35125
35065
35135
35115
35095
35145
35096
35156
35125
56586
35215
35135
35095
35205
35206
35275
35145
35206
35155
35176
35115
35096
35205
35185
35126
35096
35135
35125
35115
35095
35115
35095
35136
35106
35175
35105
35096
35126
35416
35195
40204
48150
35296
45004
40235
35296
35136
35165
35096
35085
35135
35126
35196
35135
35115
35105
35225
35156
35135
35116
38622
35136
35115
35136
40095
35155
35145
74468
35196
35125
35155
35086
35106
35176
35496
35125
35146
35135
35115
35205
35126
35166
35366
35085
35136
35126
35136
35135
35086
35126
54853
35176
35065
35105
35146
35125
35146
35246
35145
35115
37971
35156
35155
35175
35125
35216
35145
35065
35095
35135
35105
35316
35206
35065
35125
35176
35105
35125
35115
35245
35135
35096
35166
35195
35145
35105
35276
35175
35086
35186
35205
35256
53920
39123
35105
35105
35096
35106
35175
35246
35196
35125
35156
35136
35095
35115
35376
35166
35075
35145
35145
35095
35175
35135
35136
35146
35085
35115
35155
62376
35225
35155
35105
35146
35166
35105
35115
35145
35226
35135
35105
35146
35135
35136
35115
35166
35306
35125
35135
35136
35125
35075
35175
35116
35326
35216
35096
35196
35086
35146
35145
35085
35105
35136
35246
35135
35146
35086
35105
35185
35125
35335
35155
35115
35106
35145
35136
35126
35316
35105
35125
35286
35145
35255
35125
59190
35145
35146
35426
35196
35116
35155
35145
35125
35126
35125
35125
35176
35095
35185
35126
35216
35075
35135
35126
35156
35135
35146
35135
35226
35145
35246
35186
35155
35126
35105
35126
35236
35115
35116
35145
35105
35135
35106
35146
35196
35105
35155
35065
35155
35235
35616
35265
35136
35155
35135
35115
35125
35095
35216
35136
35146
35155
35176
35146
35296
35146
67716
35185
35146
35145
35096
35115
61514
35205
35125
35497
35155
35125
35126
35175
35176
35165
35116
35136
35125
58840
35206
35156
35175
35196
35176
35156
35135
35125
35306
35165
35155
35106
35106
35165
35155
35155
35146
35476
35175
35145
35145
35186
35136
35136
35366
35146
35116
35145
35155
35186
35186
35186
35236
35166
35105
35265
35236
35176
35136
35185
35205
35206
35105
35135
35135
35115
35236
35155
35176
35145
35146
35095
35185
35136
35246
35116
35145
35146
35115
35176
35136
35156
35266
35135
35126
35145
35176
35185
35155
59801
35185
35175
35145
35116
35135
35166
35216
35105
35145
35195
35125
35306
35166
35135
35156
35125
35186
35105
35175
35166
35226
35095
35165
35195
35185
35146
35095
35155
35166
35195
35105
35516
35125
35186
35156
35155
35195
35125
35166
35245
35115
35106
35135
35156
35126
35205
60603
35185
35165
35095
40155
35145
35146
35145
35466
35156
35115
35156
35125
35125
35146
50654
35155
35076
35115
35156
35125
35165
35105
59671
35195
35146
35156
35126
35125
35136
35155
35236
35085
35146
35256
35276
35155
51516
35185
35125
35155
35155
35095
35156
52919
35176
35175
35195
35156
35156
35136
35266
35126
35155
35115
35125
35126
35115
57287
35215
35135
35175
35165
35105
35085
35135
35316
35145
35066
35185
35146
35125
35136
35295
35146
35176
35156
35215
35136
35225
35235
35175
35175
35456
48690
35196
35105
35115
35165
35146
54081
35185
35105
35086
35165
35115
35215
35115
35146
35155
35206
35065
35186
35166
44372
35105
35176
35105
35166
35285
35075
35085
35165
35145
35186
35126
35206
35075
35156
35166
35135
35135
35095
35096
35176
35215
35175
35175
35125
35146
35136
35145
35096
57106
35236
35125
35175
35135
35176
35096
35116
35116
64991
35205
35106
35155
39323
35146
35145
35186
35175
64691
35115
35185
37590
35125
35175
35096
58499
35195
35125
35175
35146
35126
35146
35136
35156
35125
35155
35136
35255
35115
35175
35145
35136
35145
35216
35156
35216
35135
35135
35185
35105
55513
35185
35135
35426
35125
35166
56005
35236
35166
35196
35176
35125
35135
35206
35146
35145
35125
35135
35146
35126
35145
35225
35095
35135
35146
35206
35195
35125
35156
61955
35215
35135
35125
35076
35115
35136
35396
35196
35206
35166
35135
35175
56535
38041
35095
35105
35155
35116
35165
35065
35105
35115
35156
35096
35155
35145
35145
35006
35115
35226
35106
35145
35155
35135
35146
35205
35145
35166
35186
35155
35155
35045
35085
35145
35155
35116
35115
35085
35175
35196
35266
35145
35135
35176
35196
35155
35156
51867
35125
35085
35135
35155
35175
35135
35226
35126
35145
35125
35075
35185
35105
35286
35176
35135
35135
35176
35196
35175
35015
35115
35116
35166
35216
35135
35165
35136
54041
38100
35085
35135
35126
35176
35145
35125
35195
35105
35146
35185
35106
35136
35175
35106
35216
35145
35155
35135
35156
35125
35146
35145
35146
35135
35186
35126
44172
35146
69088
35095
35176
35145
35165
35166
35156
35166
35126
35195
35155
35105
35236
35176
35195
35175
35186
35126
35125
35105
35155
35125
52317
35185
35166
35115
35196
35205
35176
35166
35225
35176
35075
35156
35145
35115
35126
35135
35306
35215
35125
35115
35126
35156
35186
35266
35166
35166
35155
35115
35146
35146
35246
35095
35116
35165
35155
35376
35185
35125
35185
35145
35095
35165
50925
35226
35125
35125
35105
35216
35175
35195
35105
35085
35125
35155
35126
53750
35205
35145
35125
35105
35155
35106
35105
35195
35326
35166
35105
35105
35156
35125
35135
35105
35205
35076
35126
35125
35075
35125
35155
35226
35095
35135
35125
35196
35175
35346
35125
35236
35155
35125
35095
35156
38131
35105
35717
35125
35096
35236
35146
35255
35186
35156
35997
35146
56284
35095
35166
35165
35076
35125
35136
35285
35175
35135
35115
35176
35156
35416
35436
35466
35466
35406
35406
35426
35406
35415
35377
35386
35406
35366
35415
35376
35396
35446
35416
35446
64750
35446
35346
35346
35366
35346
35386
35386
35726
35386
35426
35375
35416
35446
35466
35376
35406
35376
35426
35366
35426
60343
35466
35486
35416
35355
35466
39654
35376
35395
35416
35486
35416
35185
35175
35245
35196
35165
35165
35106
35155
35205
35105
35256
35125
35145
35135
35125
35126
35106
35336
35176
35145
35145
35165
35085
35206
55964
35155
35126
35126
35126
35135
35116
35156
35156
35195
35165
35125
39363
35206
35146
35115
35146
35135
35055
35106
35085
35175
35176
35115
35195
35155
35095
35175
35135
35065
35135
35095
35106
35156
38592
35115
35166
35386
35206
35116
35165
35186
35106
35165
35105
35196
35105
35215
35215
35085
35105
35226
35185
35165
35126
35176
35195
35206
35155
35146
35125
35166
35155
35166
58839
35245
35076
35146
35095
35987
35126
35226
35075
35115
35175
35136
35166
53880
35065
35226
43701
35075
35136
35085
35246
35135
35146
35156
35106
35116
35175
35095
35136
35195
35215
35165
35246
35165
35085
35186
35175
35156
35295
35136
35135
35195
35115
35085
35126
35095
35265
35116
35135
35145
35145
35165
35156
64660
35135
35155
35135
35216
35165
35175
35155
55934
35205
35175
35145
35135
35165
35115
35145
35165
35226
35175
35185
35155
35136
35136
61766
35175
35156
35115
35115
35135
35165
35146
35096
35266
35166
35076
35145
35105
35125
35096
35105
35146
35215
35185
35106
35155
35196
35146
35195
35145
61795
35196
35135
35155
35175
35085
35115
35186
35125
73347
35215
35096
35135
35185
35115
57077
35256
35085
35116
35176
35215
35125
35286
35175
35105
35176
35175
35195
35055
63548
38752
35236
35125
35115
35156
35145
65652
35166
35186
35175
35196
35156
35125
35176
35246
35175
35176
35116
35166
35125
35116
35415
35155
35155
35166
35175
35116
35105
35245
35205
35155
35146
35146
35146
35286
35105
35136
35136
35156
35216
35126
35206
35215
35225
35135
35105
35125
35185
35165
35185
35155
35125
35145
35156
35136
35315
35126
35085
35165
35105
35115
35105
35165
35116
35286
35116
35125
35116
35095
35136
35105
40115
35156
35106
35276
38141
35126
35176
35226
35146
35136
35156
35196
35105
35156
35185
35116
35125
35165
35085
35225
35106
35206
35146
35115
35175
35156
35125
35236
35165
35126
35146
35155
35116
64139
35216
35105
35155
35116
35175
35125
35176
35266
35145
35165
35076
35155
35135
35146
35156
35296
35156
35155
35135
35065
35136
35156
35225
35065
35115
35135
35126
35125
35495
35105
35136
35276
35176
35175
35155
61955
35176
35146
35145
35115
35125
35225
35165
35176
35125
35145
35125
35246
53469
35496
35135
35186
35176
35185
35206
35116
35145
35165
35156
35115
35115
35176
35075
35076
35085
35145
35135
35175
35166
63649
35206
35125
35145
35135
35176
35145
35145
35125
35206
35135
35105
35185
35135
35186
35146
35346
35145
35115
35166
35116
35145
35136
35176
35105
57757
35186
35165
35125
35206
35136
35245
35145
35166
35235
35135
35155
35135
35105
35105
35076
35135
35156
35135
35126
35125
35286
35206
35235
35195
35125
35195
35185
35106
35145
35115
35165
35206
35155
35165
35166
35186
35115
35135
35145
35196
35165
35156
51926
35205
35176
35156
35125
35115
35215
35146
35086
55824
35155
35046
35115
35136
35125
52287
35246
35125
35186
35155
35105
35125
35176
35245
35156
35085
35155
35136
35356
35196
35115
35115
35116
35125
35065
35135
35116
35175
35225
35105
35145
35156
35115
35156
35126
35276
35165
35115
35165
35196
35145
35185
35166
35126
59000
35165
35125
35125
35075
35176
35186
35276
35186
35256
35195
35136
35205
35245
35205
35125
35185
35225
35236
35135
35176
35166
35145
35166
35095
35136
35316
35185
35135
35156
35165
35175
35156
35175
35325
35136
35145
35105
35096
35135
35095
35155
35126
35156
35175
35156
35136
35155
35126
35146
35106
35126
35145
35215
35175
35215
35105
35085
35105
56265
35185
35145
35095
35115
35155
35136
35156
35156
35185
35196
35175
35136
35116
35115
35425
35195
35126
35205
35105
35106
35105
35115
35206
35196
35086
35186
35155
35246
35176
35196
35125
35195
35175
35195
35105
35156
35106
35145
35105
66133
35156
35155
35146
35065
35135
35076
55223
35116
41277
35206
35125
35105
35166
35126
35115
35256
35256
35235
35146
35145
37661
35076
35105
35116
35136
35145
35145
35196
35195
35165
35116
35156
35176
35135
35136
35316
35145
35146
35226
35105
35115
59260
39915
35155
35176
35185
35125
35125
35166
35145
35205
35086
35136
35135
35176
35115
35115
35225
35245
35175
35225
35236
35175
35326
35216
35126
35156
35125
35116
35175
35135
35196
35125
35156
35135
35156
35216
35145
68497
35206
35186
35166
35156
35747
65161
35155
35136
35126
35216
35156
35125
35175
35165
35186
35186
35145
35176
35195
38842
62967
35176
35125
35195
35105
35075
35135
35165
51465
35195
35165
35145
35166
35175
35155
35166
35155
35165
38943
35165
35115
35176
35116
35176
35125
57356
35125
35226
35175
35135
35155
35126
35175
35096
53760
35205
35145
35205
35146
35155
37310
35225
35105
35155
35165
35155
35246
35156
35226
35126
35165
37400
35125
35226
35115
35106
35095
35156
35086
56555
35155
35166
35095
35145
35156
35125
35096
35305
35145
35135
35176
35105
35105
35146
35125
35185
35306
35116
35196
35186
35146
35156
35255
35175
35446
35055
35156
35175
35145
35165
35115
36287
35266
35225
35305
35196
35165
35125
35145
35306
35185
35166
35176
35165
35186
35136
35165
35106
35145
35225
35486
35076
35165
35185
35145
35156
35155
35226
38351
35185
35185
35165
35136
35276
35166
35156
35206
35135
35155
35086
35145
35115
35185
35225
35135
35106
35165
35155
35196
35215
35285
35156
35156
35156
35155
35126
35146
35175
35206
35145
35155
35105
35196
35136
35145
35105
35186
35255
35136
35145
35176
35155
35125
35046
35105
35145
35235
35156
40255
69500
35086
35146
35145
35095
35175
35295
35106
35216
35135
35115
35125
35125
35215
35185
35195
35146
35206
35205
35146
35136
35186
35226
35165
35156
35185
35146
35165
35195
55643
35135
35156
35096
35095
35176
35135
35125
35155
35296
35135
35185
35186
35155
35125
35135
35146
35326
35156
35116
35125
35176
35286
35115
35216
35165
35136
35125
35135
35005
35166
35135
35115
35165
35126
35426
35256
35155
35115
35176
35195
35165
35155
35175
35126
35236
35096
35226
35115
35155
35125
35125
35065
35095
35175
35165
35156
35155
35115
35105
35306
35176
35176
35135
35125
35206
35195
35085
35125
35135
35165
35175
35155
35196
35176
35165
35146
35135
35236
56225
35165
35156
35185
35135
35145
35145
35185
35085
35146
35166
35125
35136
35096
35176
35125
35145
35086
35096
35075
35085
35196
35116
35115
35095
35205
35175
35135
35176
35166
35186
35155
35135
35235
35135
35156
35175
35115
35206
35205
35296
35176
35166
35146
35186
35185
35166
35216
35115
35206
35165
35145
35195
35125
35156
35176
35306
35186
35236
62937
35176
35095
35126
35105
35085
35125
35206
35146
35215
35156
35166
35145
35136
35185
35175
35105
35175
35226
35175
35166
35166
35116
35135
35175
35255
35156
35136
35185
35185
35096
35115
35166
35426
35206
35175
35145
35105
35166
35095
35165
35145
35115
35175
35195
35146
35145
35165
35225
35096
35155
35135
35166
35205
35176
65512
35175
35126
35145
35126
63408
35206
35185
35196
35125
35115
35166
35095
59701
35206
35125
35165
35195
35155
35356
35105
35155
35125
35106
35166
35155
35186
59551
35175
35186
35205
35166
35155
35185
35186
35246
35125
35176
35125
35166
35166
35205
35155
35236
35176
35196
35155
35276
35326
35216
35155
35145
35186
35125
35166
35205
35156
35256
35126
35176
35175
35205
59181
35185
35125
35125
35146
35125
35096
56896
35225
35125
35215
35166
35145
35136
58729
35205
35136
35175
35106
35146
35165
35226
35175
35145
35115
35145
35175
35185
52467
35185
35115
35145
35225
35135
36197
35146
35125
35126
35115
35145
35096
35125
35315
35155
35106
35095
35246
35166
54871
35196
35135
35135
35155
35146
35135
55433
35195
35216
35125
35215
35165
35105
35075
35155
35176
35115
35095
35135
35145
35156
35135
35216
38412
35085
35246
35105
35195
35196
35105
35296
35175
35166
35156
35155
35166
35185
35175
55473
35236
35096
35126
35095
35145
35135
35085
35185
35066
35115
35116
35126
35175
35225
35135
35256
35236
35176
35115
35165
35145
35125
35105
35166
35135
35095
35176
35196
35105
35085
69279
35195
35146
35155
35145
35136
35116
35135
35096
62596
35185
35105
35135
35115
35206
35135
35205
35165
35266
35165
35166
35225
35095
35145
35275
35185
35186
35126
35105
35166
35155
35146
35256
35155
35125
35205
35225
35145
35336
35116
35156
35125
35175
35166
35135
35155
35065
35096
35146
35136
35196
35116
35116
35246
35125
35166
35176
35176
35135
35185
35196
35086
35105
35095
35165
35245
35105
35135
35366
35156
35146
35075
35095
35126
35186
35225
35135
35175
35166
35165
35095
35125
35126
64941
35236
35136
35186
35175
35186
35135
35155
35135
35176
54050
35136
35146
35125
35125
35116
35096
35166
35206
35275
35155
35075
35145
40596
40084
39844
44713
44744
44213
40304
35216
35236
35135
35145
35156
35296
35205
35155
35156
35145
35135
35146
35155
35095
35145
35136
35126
35205
35116
35106
55032
35165
35085
35196
35155
35125
35226
35206
35106
35125
35165
35145
35116
35146
35225
35185
35186
35166
35156
35216
35146
35305
35116
35146
35175
35135
35125
35155
61274
35145
35145
35145
35136
35135
35145
35256
35145
35196
35135
35175
35145
35126
64831
35226
35096
35135
35135
35115
35075
35105
35145
35296
35116
35155
35145
35146
35156
35276
35236
35215
35135
35125
35235
35096
35146
35106
35135
35085
35165
35096
39624
35126
35175
35155
35095
35155
35296
35166
35176
35175
35116
35156
35156
35255
35275
35115
35116
35186
35145
35186
61214
35186
35145
35165
35136
35135
35196
35135
35346
35166
35145
35176
35156
35145
35116
35106
35156
35196
35146
35135
35155
35125
35126
35145
57637
35215
35176
35155
35145
35145
35145
35166
35236
39023
35115
35116
35075
35095
35185
35135
35126
35165
35145
35105
35115
35176
35155
35145
35165
46867
35175
35126
35165
35176
35135
35145
35195
35226
35256
35166
35156
35156
35136
35216
35215
35186
35116
35135
35146
35135
35116
50834
35225
35106
35115
35115
35096
35176
39654
35185
35136
35226
35155
35136
35206
35105
35105
35125
35095
35095
35146
35306
35206
35146
35115
35096
35185
35135
35115
35186
35136
35216
35175
35095
35145
35126
35186
35146
35116
35156
35085
35235
35176
35155
35115
35136
35265
35135
35166
35236
35166
35165
35106
35126
35175
35165
35176
35276
35105
35135
35166
35125
35116
35145
35345
35145
35165
35165
35105
35105
35216
35185
35175
35146
35206
35105
35276
35215
35136
35115
35246
35165
35185
35125
35145
35196
35165
35196
35185
35126
35225
35236
74609
35236
35155
35095
35095
35136
35166
35166
47739
38181
35106
35146
35205
35195
37320
35165
35186
35135
35226
35146
51836
35155
35175
35136
35186
35165
35145
35145
35216
35155
35145
35125
35186
35175
35215
35236
35135
35175
35075
35135
35186
35075
35246
35176
35195
35146
35176
35255
35166
35186
35135
35195
35166
35165
60723
35166
35176
35096
35105
35105
35116
35176
35115
35166
35146
35176
35176
35125
35165
94516
35256
35195
35216
35166
35326
35065
35135
35136
35235
35155
35276
35085
35165
35136
35186
35135
35135
35386
35136
35176
35166
35125
35135
35116
35235
35156
35195
35136
35125
35175
35125
35216
35105
35075
35185
35106
35145
35125
35155
35276
35175
35115
35115
35145
35165
35166
35085
35145
35085
35065
35195
35115
35116
35145
35136
35195
35236
35106
35155
35115
35165
51786
35116
35125
35166
35155
35155
35136
35225
35125
35156
35115
35135
35196
35095
35116
35136
38421
35185
35185
35276
35135
35156
35306
35165
35165
35196
35185
35146
35225
35155
35215
35116
35115
35105
35135
35126
35125
35165
35246
35246
35175
35126
35055
35166
35115
35225
35085
35095
35135
35195
35216
35106
35125
35206
35105
35125
35146
35135
35606
35105
35125
35096
35136
35176
35106
35145
35185
35216
35125
35165
35206
35116
35336
35076
35196
35145
35135
35186
63007
35246
35115
35165
35156
35146
35186
35196
60383
38362
35176
35126
35175
35075
35136
35105
71863
35166
35125
35156
35176
35145
35155
35116
35246
35146
35126
35105
35095
35145
35105
35095
35115
35145
35195
35115
35206
35145
35195
35146
35155
35085
35155
35276
35176
35156
35206
35246
35186
35075
35215
35156
35166
35116
35085
35136
35156
35185
35166
35145
35125
35095
35225
35136
35146
35106
35155
35176
35166
35156
35145
35145
35196
35156
35175
35176
35215
35176
35126
35115
35196
61314
35246
35155
35135
35186
35136
35135
64100
35175
35205
35105
35136
35145
35165
35226
35086
35145
35146
35186
35176
35125
35135
35226
35135
35175
35155
35135
35125
35125
35166
35095
35185
35165
35186
35105
35186
37670
35236
35126
35155
35156
35165
35115
58749
35236
35136
35126
35195
35166
35116
35185
35176
35265
35186
35165
35196
35116
35246
35205
35135
35155
35175
35195
35195
35125
35155
35105
35136
35165
35145
35216
35095
35246
35125
35186
35256
35125
35136
35225
35126
35115
35055
35225
35145
35155
35135
35256
39584
35135
35166
35165
35126
35185
35416
35166
35115
35135
35175
35105
35125
35085
52388
35195
35135
35125
35156
35176
35115
35185
35165
35195
35096
35156
35116
35326
35195
35145
35116
35095
35065
35126
65281
35145
35306
35156
35125
35146
35195
35416
35115
35146
35106
35095
35166
35105
55683
35165
35095
35126
35206
35146
35226
35175
35095
35146
35156
35085
35166
35145
61685
35146
35196
35155
35115
35136
35145
35205
58398
35196
35115
35155
35156
35135
35125
35136
35135
35116
35596
35175
35155
35125
35206
35135
35125
35155
35245
35136
35175
35135
35085
35136
35145
35255
35245
35116
35085
35216
35216
35135
35155
35686
35196
35175
35156
35186
57548
35245
35196
35165
35155
35195
35175
35236
35186
35165
35225
35136
55394
35066
35096
35125
35226
35135
35115
35155
49162
35225
35155
35195
35145
35135
35115
35235
35125
35075
35206
35195
35206
35136
35175
35226
35156
35126
35135
35156
35096
35085
35116
35086
35166
35205
35105
35196
35095
35096
35156
35185
35145
35156
35165
35185
35136
35336
35135
35165
35155
35106
35135
35066
35156
35256
35105
35135
35135
35146
35136
35186
35275
35135
35186
35166
35126
35095
35105
35135
35335
35155
35146
35155
35135
35115
35246
35135
35175
35176
35176
35125
35145
35156
35225
35266
35276
35105
35095
35115
35155
35136
35126
35265
35135
35105
35136
35096
35146
35105
35106
35106
35185
35205
35166
35115
35206
35125
35135
62947
35106
35135
35115
35095
35136
35125
66443
35135
35066
35136
35115
35145
35105
35226
35195
35116
35166
35115
35176
35155
35205
35115
35106
35106
35106
35086
59882
35226
35165
35116
35206
35176
35135
35226
35125
35145
35156
35126
35095
35116
35195
35166
35076
35295
35136
35196
35135
35125
35136
118390
38091
35105
35095
35206
35126
35135
35216
35085
35155
35065
35156
35136
35146
35155
35226
35176
35276
35156
35196
70130
35165
35065
35156
35105
35105
35116
35165
35126
35255
35075
35116
35125
35096
35145
35096
35095
69890
35155
35185
35135
35155
35136
35235
35096
35176
35226
35156
35056
35356
35116
35145
35105
35136
35106
35115
35155
35246
35126
35196
35235
35115
35215
35106
35215
35135
35105
35125
35135
35185
35195
35096
35266
35105
35166
35246
35146
35165
35335
35125
35126
35165
35115
35115
35135
35155
35215
35115
35195
35116
35125
35235
35145
35236
35125
35145
35146
35145
35145
56215
35195
35135
35175
35146
35106
35095
35155
62807
35155
35076
35116
35106
35085
35156
35095
58088
35185
35095
35095
35165
35155
35156
35115
35125
35206
35155
35176
35236
35125
35176
35186
35135
35266
35135
35225
35195
35195
35095
54020
35215
35166
35086
35195
35175
35156
35146
35226
38021
35115
35196
35125
35155
35166
48169
35146
35095
35145
35095
35115
35135
35116
35125
35115
35256
39283
35236
35175
35106
35215
58719
35166
40125
35135
35166
35156
54602
35176
35216
35125
35186
35186
35205
35155
35066
35095
35095
35106
35115
35105
35095
35266
35225
35136
35135
35265
35205
35106
35075
35146
35126
35145
35125
35145
35166
35235
35095
35095
35155
35196
35136
35085
35125
42329
35226
35185
35135
35175
35125
35175
35175
35296
38512
36257
35115
35146
35196
35115
35236
35105
35095
35145
35125
35186
35175
35206
35286
35216
35155
35115
35106
35096
35155
35186
35126
35226
35115
35256
35235
35085
35125
35145
35176
35165
35145
35095
35146
35176
35115
35146
35105
35116
35166
35065
35225
35045
35136
35125
35145
35115
35085
35216
35076
35126
35286
35115
35116
35145
35145
35195
35125
61655
35205
35135
35145
35125
35105
35116
35356
35146
35065
35165
35206
35105
35156
35175
35095
35186
35095
35105
35125
35075
35135
35235
35206
39613
35126
35125
35156
35155
35126
35226
35166
35105
35236
35175
35155
35265
35416
35126
35166
35085
35105
35125
35165
50915
35245
35135
35125
35185
35186
35296
35136
35155
35156
35105
35136
35165
35206
35115
35106
35166
35095
35066
35125
35336
35116
35135
35116
35115
35125
35146
63057
35226
35065
35145
35075
35115
35105
35145
35196
35105
35145
35115
35095
35135
35116
38912
35246
35135
35175
35156
35116
35146
35186
35056
35156
35135
35135
35145
35255
35186
35135
35106
35136
35145
35346
35196
35105
35095
35116
35176
35105
35125
35156
35086
59009
35215
35125
35116
35105
35196
35216
35145
35145
35185
35095
35075
64660
35246
35076
35096
35105
35186
35165
35225
35136
35125
35085
35075
35115
35156
35135
35075
35125
35245
35145
35135
35095
35166
35226
35135
35196
35136
35196
35195
35185
35325
37740
35125
35236
35115
35146
35126
35155
35215
35116
35216
35155
35156
35426
35105
35236
35235
35165
65562
35125
35135
35176
35106
35155
35145
35115
35295
35115
35136
35125
35135
35096
35085
63257
35255
35205
37450
35136
35166
35185
35215
57577
35236
35135
35086
37620
35086
35155
35106
35105
35166
35256
35185
35126
35066
35165
35256
35115
35115
35256
35196
35115
35205
35165
35136
35255
35225
35096
35126
35165
35196
35105
35225
35326
35115
35185
35186
35176
35146
35176
35235
35186
35166
35205
35125
35145
35165
35226
35226
35155
35165
35186
35125
35095
35115
35146
57076
35146
35105
35146
35115
35186
35125
35146
35245
35195
35135
35135
35105
35076
53239
35216
35185
35135
35136
35095
35095
35166
35105
35246
35115
35186
35116
35146
35165
35235
54311
35156
35125
35105
35146
35165
35386
35135
35206
35165
35195
35136
35106
35125
35406
35185
35145
35105
35095
35115
35155
35115
35195
35145
35096
35135
35136
35215
35185
69950
35195
35086
35115
35135
35156
35165
35185
59000
35195
35116
35165
35186
35105
35116
35175
35205
35175
35136
35166
35125
35135
35125
35165
35095
35095
35166
35115
35265
35096
35185
35125
35105
35115
35085
35206
35235
35166
35116
66193
35226
37620
35105
35156
35145
35175
35176
35145
35136
35156
35145
35146
35165
35196
35205
35136
35175
35185
35075
35115
35166
35195
35115
35126
35126
35115
35176
35176
35185
35116
35115
35155
35155
35175
35235
35166
40204
35136
35196
35176
35166
35116
35256
39744
35115
35135
35276
35136
35095
35125
35145
35226
35106
35095
35326
35116
35105
35135
35135
35175
35165
60423
35205
35136
35216
35145
35166
35166
35155
35205
35115
35145
35156
35096
35095
35115
55964
35175
35106
35115
35156
35095
35256
35125
35095
35125
35135
35116
85980
35125
35185
35136
35095
35146
35155
35116
67154
35175
35156
35176
35135
35116
35176
35206
35146
35165
40225
35125
35155
35105
43391
58388
35196
38923
35136
35136
35165
35156
35146
65352
35185
35156
35075
35165
35115
35115
35125
50153
35145
35135
35126
35145
35165
35115
35215
35105
35185
35215
35106
35116
35125
35145
35145
35156
35136
35246
35126
35166
35165
36408
35506
35396
35466
35425
35406
35486
35135
35125
35115
35136
61985
35186
35156
36718
35175
35145
35195
35235
35126
35125
35155
35105
35145
35275
35125
35196
35176
35105
35196
57677
35175
35176
35145
35115
35145
35175
55874
35216
35175
37620
35185
35166
35116
35115
35135
35136
35116
35125
35206
35145
60813
35175
35115
35166
35165
35136
35176
35156
35216
35176
35206
35135
35126
35105
35215
35166
35115
35165
35195
39343
35477
35436
35366
35426
35396
35376
39974
35366
35406
35386
35355
35486
35396
35446
35416
35076
35156
35085
35135
54131
35225
35155
37659
35175
41107
35106
35256
35175
35095
35096
35166
35195
35125
38832
35125
35116
35165
35175
75561
35286
35165
35115
35186
39042
39884
35346
38902
35235
39834
35306
38923
35386
35276
35165
35186
35165
35105
40706
35246
39112
35166
39093
39373
35145
35245
77715
35155
35246
39684
39153
38442
39383
39123
39403
39003
38993
39413
38832
38892
38822
38872
38853
39083
38872
35155
35135
38963
35155
35135
35126
35226
35125
35125
35205
35125
35125
35126
58930
35115
35075
35155
40164
35175
35115
35036
35185
35206
37670
35126
35165
35156
56475
35556
35115
35166
35206
35085
35205
35326
35155
35095
35096
35145
35105
35095
35246
35215
35185
35195
35115
35206
35156
35396
35135
35165
35105
35126
35125
35125
35145
35236
35156
35105
35146
35205
35205
35215
35145
35216
35165
35205
35135
35105
35125
56405
35115
35166
35115
35116
35105
35125
35166
35166
58348
35186
39303
35105
35145
40115
35146
35195
35216
35216
35215
35095
35206
35186
35136
35126
39133
35135
35196
35195
35095
35166
35136
35215
35145
35116
35116
35165
35115
61434
35145
35155
35145
35115
35115
35095
35115
35265
35155
35186
35166
35135
35155
35386
35136
35095
35285
35115
35135
35206
61385
35175
35135
35116
35155
35156
66274
35215
35126
35126
35156
35155
35135
35145
35156
35076
35196
35215
35186
35175
35136
35125
35196
35145
35186
35215
35196
35145
40214
35155
35165
35115
35086
35185
35116
35156
35235
35155
35106
35336
35105
35055
35225
35116
35156
35165
35145
35125
35256
35086
35135
39894
35176
35206
35225
35195
35105
35126
35226
43992
35115
35156
35205
35166
35135
35236
35135
35145
39774
40155
35145
35235
35126
35106
35105
35156
35065
35145
35125
35256
35185
35166
35126
35166
35135
35125
35125
35436
35155
35116
35136
35145
35196
35136
35266
39393
35075
35145
35145
35135
35115
64970
35206
35155
35155
35095
35196
35196
35136
35165
35196
35085
35165
35145
35175
35206
35215
35165
35275
35186
35165
35146
35175
35176
35105
51466
35196
35175
35196
35156
35155
66494
35155
35175
35156
35155
35176
35155
35136
35125
35266
35195
35095
35115
35115
35135
35135
35196
35106
35265
35216
35156
35206
35216
35185
35146
35165
35085
35135
35125
35126
35155
35266
35155
35256
35135
35085
35235
59551
35166
35135
35405
35125
35105
35136
35215
35256
35156
35436
35216
35145
35146
35166
61194
35226
35145
35195
35225
35115
35135
35146
35136
61164
35236
35165
35095
35146
35196
35315
35186
35185
35145
35146
35206
35066
56855
35195
35196
35175
35116
35125
35386
35166
35125
35166
35105
35085
35116
64570
35175
35175
35176
35156
35106
35086
35165
35155
35265
35116
38582
40967
35105
38561
35275
38492
39152
38472
77274
38752
35296
38632
38752
38832
67415
38301
39023
35135
35255
40165
43040
74949
42809
42750
39313
39152
39053
39193
39474
64540
38752
35426
35176
35176
35185
35295
35155
35135
35175
35156
35126
35155
35286
35136
35255
35116
35286
35165
54722
35165
35115
35155
35126
35125
35146
35136
35136
35346
35146
35115
35105
35146
35176
35295
53188
35195
35115
35175
35146
35116
35125
35236
35135
35136
35125
35226
35166
67386
35105
35155
35126
35125
35195
35175
35136
35175
35186
35156
35166
35156
35125
35115
35165
35135
35155
60032
35215
35155
35105
35185
35376
35405
35547
35336
35406
35386
35466
35356
35156
35135
36949
61615
44022
40566
35255
35136
35136
35196
57627
35156
35216
35165
35146
35125
35086
35095
76222
35236
35096
35226
35145
35166
35105
35245
35195
35145
35125
35125
35106
35145
35215
35175
35145
35206
35185
35175
35106
35155
35206
35115
35146
35166
35206
35115
35155
88245
35186
35176
35086
35135
61395
35216
35106
35175
35095
35135
35216
35106
35276
35276
35256
35115
35176
35135
35065
35126
64099
35166
35226
35155
35136
35115
35246
35125
35136
35145
35116
35156
35196
35306
35145
35116
35105
35086
35125
35145
35166
35105
35126
35155
35146
35105
35116
35135
35185
35095
35165
35136
35116
35176
35145
35215
35216
35146
35155
35176
35146
35246
35175
37831
35206
35175
35105
35156
35156
35186
35125
35226
35196
35105
35206
35176
64630
35216
35165
35115
35125
35176
35165
35136
35375
35186
35125
35126
35116
35166
35155
60132
35165
35175
35156
35175
35125
35355
35155
35195
35135
35165
35185
35146
35236
35196
35145
35166
35115
35216
35125
35186
35235
35105
35216
35255
35195
35175
35286
35125
35165
35175
35175
35166
67345
35256
35076
35106
35145
35126
35166
75220
35136
35316
35146
35165
35165
35135
35165
35275
35186
35125
35096
35135
64971
35175
35105
35165
35165
35125
35176
57277
35155
35135
35195
35135
35165
35156
35155
35146
35125
35166
35186
35116
35105
35166
35196
35155
35366
35175
35105
35185
35236
35155
35186
35145
35195
35175
35185
35145
35105
70742
35176
35125
35125
35156
35246
35185
35386
35216
35125
35115
35136
35135
35166
35256
35156
35156
35116
57457
35205
35105
35135
35145
35165
35115
35446
35155
35105
35075
35186
35176
35145
56235
35196
35166
35236
35206
35295
35085
35146
35155
35156
35135
35126
35116
35165
35275
35095
38982
35136
39383
35035
35316
35195
38923
38763
35125
35206
39032
57928
35246
39543
39373
40606
38692
35185
35306
35135
38522
40736
43250
39113
56264
42368
42529
43180
39985
38452
35225
35106
35125
35146
35185
35125
35106
35446
35205
35155
35105
35145
35096
35385
35216
35115
35226
35115
35155
35125
35125
62797
35205
35105
35176
35086
35115
35105
35136
35116
35136
35206
35126
35125
35175
35146
35166
35115
35196
35366
35176
35116
35176
40206
35135
35135
63809
35176
35125
35146
35115
35155
35135
35116
35045
35196
35085
35156
35165
35165
35166
35135
35085
35255
35146
35106
35175
35195
35205
35205
35136
35125
35146
35125
35145
35196
60733
35235
35116
35155
35105
35106
35115
35166
35225
58559
35165
38893
35205
35186
35155
35145
35115
35236
35155
35175
35135
35145
35356
35196
35145
35106
35216
35115
35476
35115
35105
35186
35275
35186
35185
35136
35125
35176
35386
35125
35105
35126
35135
35145
35145
35095
35186
53730
35165
35146
35165
35185
35135
35115
35155
35256
35255
35156
35165
35155
35145
35265
35185
35186
35125
35125
35135
35366
35316
35115
35145
35175
35165
35126
35166
35085
35296
35126
35175
35115
35146
35195
35166
72906
35226
35145
35176
35196
35106
35156
35225
35125
35265
35165
35195
35196
35155
35126
35086
35126
35275
35175
35156
35105
35146
35145
35266
35206
35115
35165
35165
35106
35676
35175
35185
35346
35165
35166
35206
35175
35135
35326
35155
35136
35115
35106
35115
35146
35155
35216
35185
35185
35085
35115
35126
35105
35105
35255
35136
35165
35116
35125
35166
35135
35156
35216
35155
35206
35145
35145
35125
35155
35196
35286
35176
35135
35166
35145
35115
35255
35125
35065
35135
35105
35116
35095
35265
35136
35226
35226
35156
35115
35175
35216
35096
35115
35106
35155
35125
35145
35166
35216
35135
35175
35145
35155
35165
35156
35195
35206
35236
35136
35155
35216
69549
35266
35125
35166
35146
35105
35145
35266
35156
35216
35146
35165
35095
35105
35136
35216
35145
35146
35135
35175
35196
35216
35126
35135
35165
35166
35125
35135
35105
35216
35146
35115
35156
35155
39403
35156
35206
35146
35206
35126
35175
35155
35105
35145
35115
35256
35156
35185
35165
35176
35065
35075
35125
35105
35185
35095
35155
56155
35136
35125
35116
35105
35095
35135
35125
59321
35195
35105
35075
35085
35126
35166
35146
35176
35196
35175
35105
35155
35205
35155
35165
35165
35166
35185
35096
35256
35126
35126
35136
35116
57727
35165
35095
35115
35155
35145
35155
35276
35126
35135
35105
35145
35136
35146
35165
35206
58098
35206
35206
35105
43792
35185
39273
35316
38422
39233
35235
38872
35156
35295
38662
35205
35325
38873
39443
35186
35185
38271
35165
38682
35446
42900
39002
38662
35215
39113
35236
35175
35146
35135
35226
35165
35145
37179
35145
52668
35146
35126
35146
35115
35166
35105
35135
35095
60653
35186
35136
35115
35116
35186
40215
35135
35176
35136
35105
35215
35175
35115
62797
35226
35145
35146
35225
35125
35105
35065
56695
35195
35246
35165
35186
35185
37580
35136
35225
35155
35156
35115
35206
35185
40155
35136
56896
35246
35196
35185
35155
51386
35186
35135
35155
35165
35206
35165
35226
35125
35186
35145
35136
35165
35156
35135
55153
35185
35175
35206
35135
35185
35105
35075
35195
35136
35216
35205
35166
35145
35246
35175
35166
35166
35165
40145
35276
35125
35105
35166
35135
35105
35146
35186
35145
35225
35186
35195
35136
35176
35125
35196
35155
35226
35115
35185
35185
35075
35136
35156
35256
35146
35196
35135
35146
38291
35146
35256
35145
35235
35145
35096
59531
35216
35165
35135
35076
35156
35135
35225
35146
35156
35156
35166
35156
35166
59661
35196
35095
35195
35145
35166
35225
35186
35125
35135
35115
35156
35176
35186
35145
35195
35196
35155
35135
35105
35166
35165
35125
35175
35165
35146
35166
35165
35195
35135
35246
35126
35175
35135
35156
35255
35165
35225
35225
40144
35275
35145
35196
35165
35166
35116
35166
35225
35145
35285
35136
35105
35116
35125
61254
35165
35196
35145
35135
35085
35156
35136
67677
35216
35136
35125
35135
35146
35145
35105
35566
35106
35295
35116
35145
35205
35166
35185
35146
35216
35155
35186
35145
35165
35175
35136
72525
35195
35116
35156
35166
35145
40165
35156
35446
35116
35115
35215
35106
35115
35126
35215
35156
35126
35195
35106
35105
35115
35135
35256
35295
35126
35165
35145
35145
35166
35166
35275
35156
35176
35176
35146
35155
35105
35075
65142
35206
35146
35105
35175
35165
35106
35105
35086
35186
35156
35166
35145
35146
35176
35326
35125
35095
35145
35105
35135
35095
35306
35125
35195
35125
35186
35116
35155
35196
35216
35095
35145
35176
35185
35195
35125
35145
35146
35225
35116
35135
35155
35165
35105
35156
35195
35235
35185
35145
35136
35125
35185
35176
35186
35235
35135
35166
35146
35166
35125
40154
35246
35336
35115
35256
35185
35116
35105
35236
35175
35166
35096
35135
35096
35166
35075
59581
35185
35146
35166
35125
35155
35176
35165
35086
35256
35176
35095
35116
35145
35205
35125
35255
35146
35175
35196
35146
35126
35166
35195
35246
35265
35135
35156
35156
35215
35175
35196
35125
35185
35176
35156
53961
35196
35156
35155
35215
35135
35115
35215
35185
35155
35286
35436
35175
35086
35145
35255
35146
35195
35186
35095
35125
55894
35205
35125
35136
35135
35145
35166
35206
35156
35116
35105
35196
35145
35226
35146
35135
35406
35145
35175
35095
35125
35156
35126
35185
35276
35125
35075
35216
35126
40215
35355
35176
35165
35145
35165
35136
35126
35105
35155
35266
35215
35145
35246
35206
80981
35196
35105
35135
35156
35386
35286
35145
35095
35216
35216
35105
35125
35236
35126
76623
35206
35136
35105
35186
35085
35115
68176
35225
35115
35095
35146
35056
35195
35406
35135
35145
35125
35145
35176
57027
35226
35185
35126
35225
35246
35145
35166
57337
35216
35176
35176
35145
35125
53449
35155
35126
35105
35085
35135
35165
35135
35356
35135
35135
35205
35126
35115
35195
35146
35146
35156
35155
35115
35166
35145
35206
35156
35196
35095
35195
35135
35105
35165
35156
35295
35176
35155
35176
35165
35156
35246
35115
35095
35115
35106
35096
35105
35125
35155
35276
35116
35186
35135
35125
35166
66634
35175
35145
35165
35135
35176
35176
35096
35186
35255
35136
35165
35115
35136
35155
37660
35216
40475
35146
35125
35166
38992
35205
35155
35176
35225
35186
35165
35196
35156
35185
59360
35205
35166
35185
35165
35135
35125
35156
35175
35997
35235
35225
35166
35145
35155
35155
35195
62967
35276
35115
35166
35146
35186
54181
35195
35166
35186
35125
35125
35145
35156
73988
35156
35146
35135
35116
35116
35145
35156
35136
35335
35125
35116
35115
35126
35135
35096
35255
35235
35156
35236
35195
35125
35216
35176
58649
35255
35106
35155
35146
35185
35156
35115
35155
59761
35195
35115
35155
35175
35146
35126
35246
35245
35166
35185
35176
35156
35216
35176
35195
35165
35135
35216
35176
35185
35246
35146
35165
35155
35145
35136
35215
35155
35115
35106
35115
35105
35176
35166
35205
35165
35156
35155
35216
35166
35176
76202
35216
35186
35166
35135
35175
35125
35195
35255
35156
35215
35196
35185
35155
35256
35206
35156
35135
35185
35145
35126
35195
35166
35215
35246
35146
35276
35206
35115
35185
35306
35166
35155
35125
35085
35155
35145
35176
35185
35245
35175
35236
35136
35155
35196
35186
35205
35095
35156
35195
35216
35085
35136
35155
35345
35266
35106
35166
35236
35205
35346
35115
35085
35166
35115
35175
35085
35115
35146
35296
35185
35336
35145
35126
35126
35136
35246
35125
35216
35106
35135
56014
35216
35165
35156
35135
35175
35135
35185
35216
35106
35196
35166
35145
35145
53700
35246
35145
35165
35155
35165
35126
35235
35145
35135
35145
35145
35135
35155
43801
70542
35255
35175
35155
35165
35225
35135
35166
69089
35176
35175
35115
35136
35125
35176
57837
35216
35165
35136
35116
35185
35176
35155
57376
35216
35125
35125
35135
35156
35146
35146
35105
35176
53680
35265
35185
35155
35136
35175
35215
35226
35276
35156
35276
35145
35165
35256
35095
35135
35116
35165
35136
35135
35206
35296
35156
35145
35155
35125
35165
35165
35246
35166
35176
35156
35156
35195
35146
35175
35145
35165
35155
35165
35176
59891
35206
35135
35135
35175
35226
35166
35256
35136
35135
35156
35146
35145
35126
35285
35125
35166
35166
35145
35136
35185
35156
63117
35176
35135
35136
35176
35175
35205
35145
35145
35115
35135
35216
35125
35125
35115
35286
35165
35155
35146
35115
35156
35075
35145
35066
35115
35145
35186
35165
35126
35166
35246
35246
35196
35175
35135
35175
35165
35115
35115
35135
35116
35125
35116
35115
60592
35206
35175
35145
35165
35185
35235
35185
35165
35165
35126
35146
35366
35145
35146
35135
35116
35126
35175
55434
35186
35135
35085
35116
35136
35175
35166
35266
35146
35105
35216
35105
35136
35125
40075
35135
35166
35205
35185
35075
35125
62677
35176
35075
35125
35046
35196
35146
35105
35135
35276
35215
35155
35125
35205
35145
35186
35225
35115
39674
35095
35126
35115
35195
35226
35135
35085
35185
35176
57147
35205
35085
35156
35125
35215
35166
56235
35156
35145
35135
35206
35165
35186
35105
35215
35176
35135
35145
35306
35135
35206
35155
35155
35156
35236
35235
35125
35135
35145
35125
35146
35126
35165
51907
35156
35185
35146
35116
35145
35146
35205
35265
35146
35105
35116
35125
35115
35155
35256
35105
35156
35155
35175
35176
35045
35126
35276
35175
35125
35115
35125
35175
35226
35145
35145
35245
35215
35166
35195
35156
35166
35075
35156
35166
35166
35246
35196
35115
35196
35156
35146
35186
35186
35216
35155
35136
35136
35125
35105
35155
35145
35206
35266
35145
35225
35126
35155
35166
35126
54271
35165
35175
35185
35106
35126
35145
35165
35215
35125
35116
35215
35095
35115
35105
35265
35155
35185
35126
35145
35095
35156
35166
35195
35195
35085
35185
35165
35225
35245
35115
35176
35175
35105
35105
35145
35305
35085
35165
35145
35155
35095
35115
35286
35146
35155
35135
35236
35266
35136
35165
35125
35116
35105
35135
35255
35125
35156
35165
35105
35196
35136
35136
35195
35195
35136
35136
35145
35156
35126
35225
35166
35176
35186
35145
35265
35146
35145
35155
35176
35215
35106
35125
35146
35206
35276
35186
35125
35266
35135
35206
49201
35156
35145
35145
35125
35105
60562
37710
38962
35165
35185
35185
35235
35186
35196
35185
35186
35196
35175
35186
35396
35225
35135
35215
35196
35175
35106
35236
35165
35145
35176
35175
35186
35185
35146
35155
35145
35105
35156
35155
47688
35246
35135
35136
35136
35166
35155
35155
35256
35206
35106
35166
35206
35145
53500
35236
35105
35135
35125
35176
35205
35196
50183
35135
35105
35156
35125
35185
35125
35135
35136
35106
35116
35115
35135
35136
35166
35105
35205
35296
35146
35135
35156
35125
35135
55873
35216
35185
35175
35185
35165
57557
35155
35135
35115
35125
35126
35125
64890
37770
35115
35145
35115
35166
35115
35176
35256
35186
35145
35136
35156
35135
35126
35155
35306
40125
35105
35096
35145
35165
35166
35066
35145
35105
35196
35236
35085
35156
35096
35246
35166
35156
35085
35146
35115
35126
35206
35186
35176
35205
35145
35145
35286
35175
35166
35176
62656
35175
38231
35086
35186
35126
35176
35125
51346
35225
35155
35095
35135
35145
35086
35156
35105
57016
35205
35165
35105
35246
35186
35276
35195
35126
35155
35155
35115
35145
35106
35125
35185
35176
35215
35206
35195
35195
35255
35206
35136
35215
35126
35155
35215
35215
35245
35185
35176
35195
35166
35145
35255
35145
35195
35185
35096
35146
35126
35165
35346
35196
35106
35095
35136
35155
35145
35185
64240
35216
35116
35095
35155
35105
35166
35236
35245
35136
35146
35145
35195
35136
35195
35206
35136
35205
35245
35156
35165
35246
35165
35155
35206
35186
35145
52518
35246
40115
35165
35186
35145
35125
35175
35235
35196
35165
35135
35106
35195
64060
35225
35186
35216
35196
35166
55212
35166
35115
35145
35166
35165
35256
35175
35235
35176
35206
35146
35225
35145
35145
35155
35156
35205
35125
35125
35195
35156
35125
35105
35136
69810
35215
35196
35175
35115
35135
35195
35176
35216
35155
35185
35186
35215
35165
35155
35196
35135
35146
35145
35165
35086
35156
35155
35215
35156
35125
35105
35155
35135
35175
35186
35285
35175
35165
35185
35125
35255
35166
35185
35115
35166
35136
35125
35176
35236
35085
35115
35095
35195
35125
35125
35176
35146
57637
35166
40135
35115
35146
35145
35135
35135
54341
35245
35176
35166
35145
35205
35205
35215
35186
35206
35206
35165
35186
35165
35236
37700
35165
35176
35185
35135
35125
35405
35125
35116
35175
35226
35125
35175
35156
35135
35256
35186
35146
35145
35226
35175
35156
35105
68257
35145
35166
35115
35125
35175
35125
35116
35125
35225
35126
35186
35166
35185
35135
35116
61685
35155
35115
35196
35156
35195
35166
35236
35155
35176
35115
35155
35205
35126
35165
35165
35135
35166
35156
35135
35105
35145
74359
35215
35095
35145
35105
35146
35165
55934
35196
35146
35155
35115
35146
35155
35166
35195
35226
35145
35116
35116
35186
35136
35136
35105
35095
35136
35115
35235
35175
35145
35116
35125
35216
35135
35196
35245
35106
35125
35175
35105
35085
35135
35126
35135
35276
35135
35106
35136
35115
35125
35216
57948
35246
35156
35166
35166
35246
35126
56455
35185
35176
35185
35165
35216
55263
35166
35126
35116
35155
35115
35135
35126
35215
35116
35115
35175
35085
35125
35185
35165
35336
35125
35155
35155
35095
35116
35085
35135
35135
35236
35155
35296
35275
35145
35125
35115
35165
35145
35095
35135
35115
35105
35105
35135
35246
35256
35135
35186
35155
35196
35105
35255
36137
35165
35176
35155
35165
35185
65982
35135
35075
35146
35216
35175
35175
35166
35295
35105
35156
35156
35065
35256
37069
35106
35196
35195
35165
39263
35186
35125
35115
35205
35196
35165
35186
35106
35125
35086
35216
35145
35185
35115
35125
35155
35176
35145
35095
35196
35166
35195
35146
35135
35146
35135
66574
35196
35146
35146
35105
35116
35156
35236
35256
35125
35135
35115
44072
35195
35146
35226
35116
35226
35146
35095
35166
35195
35236
35166
35226
35246
35246
35175
35336
35155
35216
35176
35186
35286
35146
35156
35165
35096
35215
35206
35175
57477
35226
35166
35156
35135
35205
35136
35155
59020
35205
35075
40165
35165
35176
35105
35146
35145
35216
35166
35105
35146
35116
35126
35195
35125
35245
35105
35206
35226
35165
35166
35175
35186
35145
35135
35106
35165
35175
35105
35136
35146
35216
35125
35136
35206
35236
35836
35185
35125
35166
35156
35135
35275
35226
35155
35135
35135
35116
35165
59831
35216
35145
35116
35125
35085
35145
35126
35225
35166
35196
35135
35165
35155
35205
35136
35236
35175
35136
35195
35185
35126
38611
35175
35155
35095
35156
35126
74469
35276
35155
35135
35136
35136
35166
35225
35196
35166
66363
35205
36999
35156
35125
35135
35196
35186
35206
35185
35156
35165
35155
35135
60903
35125
35146
35205
35126
35145
35155
35145
35135
35295
35636
35175
35145
35216
35175
35156
35215
35165
35176
35126
35155
35135
35115
35285
35085
35146
35166
35186
35145
35225
35096
35075
35085
35095
35145
35116
35105
52198
35266
35155
35096
35166
35205
35116
35196
35065
35075
35175
35095
35165
35165
56064
35175
35135
35185
35135
35165
35215
35416
35166
35135
35116
35146
35146
35245
35165
37630
35115
35126
44984
78035
35195
35155
35195
35146
35175
35326
35105
35145
35205
35126
35135
35216
35245
35146
35175
35175
35125
35166
35145
35135
52758
35185
40025
35096
35135
35216
35095
35156
35105
74369
35216
35086
35927
35186
35125
35186
35116
35135
35176
35216
35215
35135
35115
35156
35246
35225
35125
35165
35196
35236
35115
35295
35086
35115
35085
35155
35256
35146
35135
35145
35175
35176
35135
35195
35426
35145
35206
35205
35135
35125
35276
35216
35146
35216
35185
35205
35285
