23564
16751
16481
16481
16401
16451
16441
16420
16420
16450
16401
16441
16391
16450
16390
16441
16391
16431
16401
16430
16420
16441
16401
16440
16390
16430
16400
16441
16431
16431
16400
16430
16400
16431
16421
16441
16440
16440
16401
16431
16411
16400
16400
16401
16421
16420
16410
16410
16400
16401
16401
16420
16400
16431
16391
16651
62456
16120
16049
16050
16050
16040
16050
16040
16030
16020
16060
16030
16030
16050
16029
16030
16030
16050
16030
16030
16020
16050
16050
16060
16060
16050
16050
16050
16040
16060
16070
16050
16060
16070
16060
16060
16040
16040
16030
16059
16050
16050
16060
16070
16060
16050
16029
16040
16040
16030
16050
16030
16030
16040
16351
16030
16030
16030
16060
43481
16110
16040
16029
16041
16040
16070
16040
16040
16050
16060
16040
16030
16039
16040
16030
16040
16060
16050
16050
16039
16041
16019
16029
16050
16040
16040
16030
16050
16020
16029
16029
16039
16030
16040
16030
16040
16040
16030
16060
16040
16041
16019
16060
16030
16040
16030
16050
16040
16040
16040
16030
16030
16030
16060
16040
16030
16030
16040
37089
16180
16070
16059
16040
16030
16050
16030
16040
16040
16050
16030
16049
16060
16030
16040
16070
16070
16030
16040
16039
16050
16030
16030
16030
16060
16030
16040
16059
19245
16100
16050
16060
16030
16030
16030
16040
16039
16029
16050
16010
16040
16040
16050
16030
16030
16040
16061
16030
16050
16050
16030
16030
16040
16050
16040
16041
16049
16050
16040
16040
38432
16080
16039
16020
16070
16040
16020
16060
16070
16050
16069
16059
16020
16060
16060
16060
16030
16050
16049
16070
16049
16040
16030
16070
16040
16060
16080
16050
16050
16050
16080
16050
16050
16050
16070
16060
16060
16070
16050
16050
16040
16061
16049
16040
16050
16050
16060
16060
16059
16041
16030
16060
16050
16050
16060
16060
16070
16059
16050
16050
43321
16120
16081
16050
16060
16060
16050
16070
16060
16070
16080
16050
16050
16050
16080
16070
16070
16070
16070
16060
16060
16060
16070
16060
16070
16080
16070
16070
16059
16079
16060
16060
16060
16070
16050
16060
16070
16050
16070
16050
16090
16059
16050
16060
16070
16060
16060
16080
16059
16060
16050
16080
16060
16060
16069
16070
16380
16070
16059
16070
33592
16100
16070
16060
16050
16050
16049
16050
16060
16060
16050
16070
16040
16079
16040
16040
16070
16050
16040
16060
16069
16039
16070
16040
16050
16050
16050
16030
16060
16039
16029
16030
16050
16050
16040
16060
16040
16040
16041
16049
16040
16040
16040
16050
16030
16040
16049
16039
16050
16040
16060
16060
16040
16040
16049
16039
16040
16050
16050
16040
16050
38382
16120
16060
16029
16049
16060
16030
16050
16040
16050
16040
16060
16050
16040
16040
16060
16050
16060
16050
16040
16050
16069
16050
16020
16050
16070
16040
16039
16040
16039
16050
16040
16020
16060
16030
16040
16040
16059
16049
16050
16030
16040
16040
16040
16060
16050
16050
16050
16060
16020
16040
16040
16030
16030
16030
16040
16060
16030
16040
16040
40275
16119
16060
16070
16030
16050
16050
16030
16030
16050
16039
16029
16030
16030
16050
16030
16030
16060
16049
16019
16030
16039
16019
16030
16040
16050
16030
16030
16030
16050
16019
16041
16049
16030
16040
16020
16040
16030
16040
16030
16050
16039
16020
16040
16040
16020
16030
16040
16030
16030
16030
16050
16019
16020
16050
16030
16020
16030
16030
16030
16040
35687
16100
16050
16020
16059
16040
16050
16040
16050
16050
16050
16050
16079
16059
16040
16050
16080
16040
16050
16069
16019
16049
16050
16060
16050
16040
16050
16070
16060
16030
16070
16060
16050
16060
16059
16049
16060
16050
16070
16060
16050
16060
16049
16050
16040
16060
16050
16060
16070
16050
16049
16050
16060
16060
16060
16060
16070
16049
16050
16050
38852
16100
16040
16060
16060
16050
16039
16059
16040
16040
16040
16060
16060
16030
16039
16050
16049
16040
16050
16030
16040
16040
16050
16040
16039
16040
16060
16040
16050
16070
16050
16040
16050
16069
16030
16050
16040
16050
16040
16039
16050
16040
16040
16050
16050
16030
16050
16050
16061
16039
16040
16050
16060
16040
16040
16060
16030
16041
16039
16060
31228
16130
16070
16030
16030
16050
16090
16070
16069
16039
16060
16040
16040
16070
16060
16050
16069
16050
16040
16030
16070
16060
16040
16040
16070
16080
16211
16060
16070
16040
16040
16040
16059
16040
16039
16040
16060
16050
16040
16060
16040
16039
16040
16050
16050
16040
16040
16060
16040
16039
16061
16050
16050
16040
16060
16040
16050
16039
16061
16050
40175
16140
16070
16070
16040
16079
16050
16050
16060
16080
16040
16039
16081
16040
16060
16040
16070
16060
16049
16081
16039
16050
16050
16070
16040
16040
16040
16070
16050
16030
16050
16060
16040
16050
16029
16050
16050
16040
16040
16030
16040
16030
16060
16049
16039
16050
16050
16030
16040
16050
16050
16030
16041
16049
16040
16040
16030
16050
16030
16050
32961
16170
16079
16069
16090
16060
16070
16070
16079
16070
16080
16080
16070
16070
16070
16079
16070
16070
16070
16080
16070
16070
16070
16070
16060
16070
16070
16079
16059
19045
16141
16040
16040
16050
16070
16050
16060
16070
16060
16050
16060
16070
16060
16060
16070
16070
16060
16060
16080
16050
16050
16070
16070
16060
16050
16050
16080
16060
16061
16069
30717
16180
16059
16050
16040
16070
16070
16070
16070
16059
16070
16050
16060
16040
16080
16039
16049
16040
16080
16040
16060
16080
16060
16061
16070
16080
16070
16070
16060
16070
16060
16080
16080
16060
16070
16059
16070
16060
16050
16060
16080
16060
16060
16060
16070
16060
16070
16070
16070
16070
16069
16080
16070
16060
16080
16090
16060
16070
16080
16080
16080
29235
16150
16059
16060
16080
16090
16050
16060
16079
16060
16070
16070
16060
16060
16050
16061
16060
16050
16070
16080
16050
16040
16059
16060
16040
16050
16050
16070
16050
16060
16060
16050
16050
16050
16060
16040
16040
16039
16060
16040
16060
16050
16070
16060
16059
16070
16049
16050
16050
16060
16050
16050
16050
16059
16040
16050
16060
16040
16050
16050
16061
27511
16070
16040
16081
16050
16070
16070
16040
16060
16059
16061
16039
16050
16050
16060
16040
16050
16059
16061
16050
16060
16070
16050
16040
16040
16059
16049
16040
16050
16040
16030
16040
16050
16040
16039
16040
16060
16040
16040
16040
16060
16049
16039
16060
16040
16050
16050
16050
16050
16040
16061
16060
16050
16060
16070
16050
16030
16050
16069
16040
16050
27932
16110
16039
16039
16040
16030
16040
16040
16070
16030
16040
16039
16060
16060
16050
16050
16050
16050
16060
16050
16049
16030
16040
16050
16050
16030
16060
16029
16050
16029
16070
16040
16050
16030
16040
16030
16041
16019
16050
16040
16040
16060
16030
16030
16040
16050
16029
16030
16040
16060
16040
16030
16050
16030
16041
16030
16050
16040
16040
16040
16060
28303
16110
16070
16070
16050
16050
16060
16040
16060
16050
16070
16060
16050
16080
16060
16070
16069
16070
16040
16060
16050
16050
16039
16069
16080
16040
16070
16080
16069
16050
16060
16060
16050
16070
16040
16050
16049
16050
16070
16070
16060
16050
16060
16081
16059
16050
16050
16070
16060
16060
16050
16070
16040
16070
16080
16050
16050
16061
16059
16040
16050
35476
16080
16059
16050
16070
16030
16030
16020
16050
16030
16030
16060
16030
16030
16040
16050
16040
16040
16039
16050
16040
16050
16050
16040
16040
16030
16050
16030
16041
16049
16060
16040
16040
16060
16040
16040
16029
16050
16049
16040
16040
16040
16040
16040
16050
16049
16040
16039
16050
16050
16040
16040
16050
16040
16040
16050
16040
16030
16040
16060
16030
56165
16140
16040
16040
16019
16030
16020
16019
16020
16040
16030
16030
16030
16040
16029
16029
16030
16010
16019
16020
16040
16010
16030
16020
16040
16020
16019
16040
16019
16029
16030
16040
16020
16020
16020
16050
16020
16019
16020
16039
16020
16040
16040
16030
16030
16030
16050
16029
16029
16039
16050
16020
16010
16050
16020
16020
16010
16030
16019
31690
16110
16030
16020
16030
16020
16020
16009
16009
16030
16010
16009
16020
16020
16010
16000
16020
16010
16010
16010
16050
16020
16009
16019
16020
15999
16009
16010
16019
16020
16020
16030
16010
16010
16020
16020
16010
16010
16010
16030
16020
16009
16020
16010
16020
16010
16020
16010
16020
16010
16040
15990
16020
16010
16030
16020
16030
16030
16010
16010
16010
34654
16090
16030
16060
16040
16020
16020
16050
16050
16050
16040
16040
16030
16030
16030
16040
16020
16039
16050
16020
16030
16040
16050
16020
16030
16020
16040
16039
16019
16041
16029
16030
16030
16040
16020
16020
16020
16040
16020
16020
16030
16050
16029
16240
16080
16060
16060
16050
16080
16060
16050
16050
16060
16060
16050
16060
16050
16061
16050
28994
16140
16049
16079
16070
16070
16070
16090
16060
16070
16080
16080
16070
16070
16080
16090
16070
16070
16090
16060
16070
16070
16090
16070
16060
16080
16100
16070
16080
16090
19116
16130
16100
16090
16081
16060
16060
16080
16070
16090
16099
16080
16070
16090
16090
16070
16070
16060
16100
16070
16070
16081
16080
16070
16080
16090
16070
16081
16070
16090
16080
37250
16120
16080
16080
16070
16120
16060
16070
16080
16080
16050
16060
16060
16060
16060
16060
16070
16059
16060
16080
16080
16080
16060
16070
16070
16080
16060
16080
16049
16079
16060
16080
16060
16060
16060
16079
16060
16070
16070
16070
16059
16069
16070
16070
16050
16060
16089
16070
16070
16080
16070
16060
16049
16079
16080
16070
16080
16080
16079
16069
16070
34514
16090
16060
16060
16050
16040
16040
16060
16039
16061
16050
16040
16060
16050
16070
16049
16050
16060
16070
16060
16040
16040
16060
16049
16041
16070
16050
16040
16050
16060
16050
16049
16059
16060
16050
16040
16060
16040
16050
16049
16059
16040
16060
16040
16060
16060
16040
16059
16050
16060
16060
16060
16040
16050
16039
16061
16049
16050
16050
16080
27391
16159
16160
16070
16050
16040
16081
16050
16040
16070
16070
16050
16050
16081
16060
16070
16070
16070
16060
16049
16079
16050
16050
16050
16060
16050
16059
16050
16090
16070
16050
16050
16090
16070
16060
16070
16050
16070
16060
16070
16070
16040
16050
16060
16070
16050
16080
16061
16050
16050
16060
16050
16050
16060
16070
16050
16050
16050
16060
16050
16060
29085
16100
16080
16060
16080
16061
16070
16070
16050
16050
16050
16069
16050
16050
16050
16060
16040
16040
16070
16040
16039
16039
16080
16050
16060
16040
16050
16039
16050
16060
16060
16050
16050
16070
16050
16050
16050
16059
16050
16040
16050
16060
16050
16040
16050
16050
16050
16050
16060
16040
16050
16050
16070
16050
16070
16070
16040
16060
16050
16080
16060
29976
16110
16080
16061
16039
16050
16040
16040
16050
16050
16040
16039
16030
16049
16030
16040
16050
16030
16030
16040
16060
16039
16040
16040
16040
16040
16030
16030
16050
16039
16039
16059
16030
16040
16040
16050
16030
16050
16029
16061
16039
16040
16050
16050
16040
16050
16060
16039
16039
16039
16050
16040
16040
16060
16030
16030
16030
16050
16029
16040
16040
30036
16121
16049
16060
16050
16050
16040
16050
16030
16029
16041
16049
16040
16040
16050
16030
16030
16030
16050
16030
16029
16029
16050
16030
16030
16030
16060
16040
16039
16059
16030
16030
16040
16050
16040
16040
16030
16040
16029
16040
16049
16040
16030
16030
16050
16030
16030
16030
16039
16030
16030
16050
16030
16040
16030
16040
16040
16040
16030
16050
16030
39243
16170
16039
16050
16049
16040
16050
16040
16050
16070
16049
16050
16050
16050
16030
16050
16070
16039
16030
16029
16049
16050
16040
16060
16030
16030
16040
16049
16030
16040
16030
16050
16050
16050
16030
16049
16030
16030
16050
16030
16030
16040
16050
16030
16040
16050
16039
16040
16040
16050
16040
16030
16030
16049
16030
16030
16040
16060
16040
16040
30858
16100
16080
16050
16079
16070
16070
16060
16080
16070
16070
16080
16080
16070
16070
16080
16059
16049
16060
16070
16050
16050
16080
16060
16070
16060
16080
16060
16070
16050
16070
16060
16060
16070
16060
16070
16050
16070
16049
16060
16070
16070
16080
16070
16049
16080
16060
16060
16070
16050
16081
16080
16070
16070
16070
16050
16069
16081
16090
16070
16060
36739
16160
16090
16060
16040
16070
16060
16060
16049
16070
16060
16060
16060
16060
16049
16059
16050
16070
16050
16050
16070
16050
16050
16049
16060
16050
16050
16050
16060
16049
16050
16090
16050
16050
16050
16080
16069
16049
16040
16070
16050
16060
16060
16040
16050
16049
16070
16050
16040
16050
16060
16059
16049
16050
16070
16050
16040
16060
16049
16050
16050
81572
16150
16050
16049
16050
16050
16050
16060
16050
16049
16050
26238
16140
16060
16070
16059
16050
16060
16060
16060
16060
16080
16070
16060
16060
16080
18935
16140
16060
16050
16050
16050
16030
16040
16039
16040
16040
16050
16040
16040
16050
16050
16040
16050
16030
16040
16050
16070
16050
16039
16059
16029
16050
16040
16040
16050
16050
39243
16120
16341
16060
16050
16030
16060
16040
16039
16040
16019
16050
16030
22973
16110
16061
16030
16040
16050
16050
16030
16030
16030
16040
16019
16039
16009
16040
16050
16040
16010
16040
16029
16049
16030
16030
16020
16040
16030
16040
16030
16030
16020
16060
16039
16020
16030
16050
16050
16030
16040
16030
16039
16061
16020
16040
16020
16070
16020
41668
16130
16040
16039
16039
16040
16040
16030
16060
16040
16060
16060
16059
16050
16060
16060
16060
16070
16070
16059
16050
16050
16050
16050
16040
16050
16050
16050
16061
16060
16060
16050
16040
16050
16070
16049
16050
16049
16060
16060
16060
16050
16040
16049
16059
16050
16050
16060
16050
16050
16059
16061
16059
16050
16050
16040
16050
16050
16040
16050
31468
16110
16070
16050
16050
16040
16060
16040
16039
16050
16060
16050
16060
16050
16060
16049
16039
16060
16060
16050
16050
16050
16050
16050
16050
16059
16050
16050
16050
16050
16050
16049
16050
16049
16050
16060
16050
16050
16050
16049
16050
16059
16040
16050
16050
16060
16060
16049
16059
16050
16050
16050
16050
16060
16060
16050
16039
16050
16060
16050
16050
31349
16090
16070
16060
16029
16041
16029
16050
16030
16030
16020
16030
16040
16030
16030
16030
16029
16030
16030
16040
16040
16040
16050
16060
16030
16029
16030
16039
16030
16020
16030
16030
16030
16030
16030
16030
16030
16030
16030
16019
16030
16050
16050
16040
16040
16060
16060
16029
16040
16030
16020
16030
16040
16030
16030
16030
16039
16030
16029
16030
32610
16160
16050
16070
16040
16030
16029
16049
16040
16040
16030
16040
16040
16040
16030
16049
16040
16049
16040
16030
16030
16030
16040
16040
16040
16049
16041
16040
16030
16040
16030
16030
16030
16040
16050
16039
16039
16039
16030
16030
16030
16030
16040
16040
16040
16040
16030
16040
16040
16050
16030
16040
16040
16040
16040
16040
16050
16039
16070
16050
16050
30898
16140
16060
16030
16049
16050
16050
16050
16040
16060
16050
16050
16050
16049
16050
16060
16050
16060
16040
16040
16049
16050
16059
16060
16050
16060
16060
16050
16049
16050
16040
16050
16060
16060
16040
16050
16050
16049
16060
16060
16050
16050
16060
16040
16050
16049
16060
16060
16050
16050
16060
16050
16050
16070
16079
16050
16060
16070
16060
16050
16050
39864
16140
16069
16049
16050
16050
16070
16060
16060
16069
16059
16060
16050
16030
16040
16060
16050
16050
16059
16050
16040
16040
16060
16060
16080
16070
16059
16060
16060
16060
16070
16060
16059
16060
16060
16060
16070
16030
16070
16050
16080
16060
16060
16060
16070
16059
16059
16060
16060
16060
16060
16070
16060
16059
16070
16070
16060
16060
16050
16069
32902
16130
16070
16050
16070
16060
16090
16030
16060
16040
16029
16070
16030
16070
16050
16030
16040
16070
16059
16029
16030
16030
16030
16040
16030
16030
16030
16040
16040
16030
16049
16030
16030
16030
16030
16030
16040
16040
16039
16030
16030
16040
16040
16030
16040
16030
16030
16040
16029
16029
16030
16029
16040
16030
19386
16080
16049
16070
19716
16110
16040
37460
16100
16059
19767
16059
19586
16099
19666
16070
19897
16120
19086
16110
19236
16070
16050
19256
16070
18695
16070
19466
16090
19366
16070
19286
16170
19948
16110
19537
16070
19426
16059
19025
16110
19115
16070
19606
16081
16070
16050
19186
16080
19376
16170
19216
16080
19146
16070
19176
16060
19597
16120
19516
16080
19847
31628
21770
18384
16050
19547
16070
19246
16110
16030
16030
16040
16020
16030
16020
16030
16030
16020
16029
16030
16029
16030
16030
16040
16030
16030
16030
16030
16020
16030
18544
16070
16030
16009
16029
16021
16019
16020
16010
16020
16030
16030
16010
16020
16020
16020
16029
16030
16029
16009
16030
16020
16020
16020
16030
16020
16030
16030
16019
16019
16030
33993
18525
17322
16060
16030
16030
16030
16020
16030
16020
16029
16040
16029
16030
16019
16030
16040
16040
16030
16030
16030
16020
16039
16029
16030
16040
16020
16020
16030
16030
16020
16020
16020
16030
16029
16019
16029
16020
16030
16020
16020
16010
16030
16030
16020
16020
16020
16029
16019
16020
16019
16060
16040
16030
16040
16030
16030
16030
16030
16041
26749
16090
16030
16060
16050
16030
16030
16029
16030
16030
16030
16030
16020
16020
16020
16020
16030
16030
16030
16029
16019
16020
16030
16040
16020
16030
16150
16040
16010
16030
16020
16030
16030
16040
16059
16050
16039
16040
16040
16060
16030
16040
16030
16030
16029
16040
16040
16040
16030
16050
16040
16040
16030
16040
16040
16029
16039
16039
16030
16040
16020
36969
16090
16049
16030
16060
16050
16050
16040
16060
16050
16060
16050
16060
16050
16050
16050
16030
16050
16050
16049
16060
16060
16060
16050
16060
16060
16039
16050
16060
16060
16050
16050
16030
16070
16060
16050
16050
16060
16060
16060
16060
16050
16050
16060
16060
16060
16050
16060
16070
16049
16050
16060
16060
16060
16050
16059
16060
16050
16060
16050
28804
16160
16059
16041
16039
16040
16050
16030
16060
16040
16040
16030
16039
16030
16019
16060
16040
16050
16030
16050
16040
16019
16030
16039
16019
16040
16050
16030
16030
16030
16040
16040
16039
16029
16039
16039
16030
16030
16030
16040
16030
16040
16040
16040
16039
16030
16050
16050
16030
16040
16060
16040
16049
16040
16029
16029
16030
16030
16020
16010
16020
29716
16100
16050
16040
16040
16040
16029
16039
16019
16040
16050
16040
16040
16040
16040
16040
16029
16039
16049
16039
16040
16030
16050
16030
16040
16040
16040
16050
16050
16040
16040
16030
16040
16020
16040
16039
16029
16050
16060
16030
16040
16030
16050
16050
16040
16040
16050
16029
16020
16030
16040
16040
16040
16030
16030
16039
16041
16039
16030
16040
16040
29204
16140
16050
16030
16060
16040
16040
16039
16040
16040
16040
16050
16040
16040
16050
16050
16050
16040
16040
16040
16050
16050
16040
16040
16040
16039
16039
16039
16040
16070
16050
16040
16040
16040
16041
16049
16040
16050
16040
16040
16040
16050
16050
16040
16030
16039
16060
16060
16050
16050
16050
16039
16039
16040
16030
16050
16040
16050
16030
16050
16039
35777
16150
16080
16250
16060
16061
16059
16070
16060
16060
16060
16059
16061
16069
16070
16060
16060
16060
16060
16050
16060
16070
16060
16060
16070
16069
16061
16060
16070
16060
16060
16070
16070
16060
16060
16060
16070
16070
16070
16059
16060
16070
16060
16060
16060
16060
16059
16070
16070
16070
16070
16070
16070
16060
16060
16060
16070
16060
16060
16070
16069
37259
16150
16070
16030
16040
16050
16030
16039
16030
16030
16029
16050
16030
16030
16040
16030
16040
16039
16029
16030
16040
16030
16040
16030
16030
16030
16050
16030
16039
16029
16041
16029
16030
16030
16030
16030
16040
16030
16040
16029
16030
16029
16039
16030
16030
16030
16020
16030
16030
16040
16050
16040
16029
16050
16050
16030
16030
16050
16020
16030
31158
16180
16050
16030
16040
16040
16050
16029
16039
16030
16040
16060
16030
16040
16030
16030
16030
16050
16039
16020
16020
16030
16040
16060
16030
16030
16040
16030
16030
16030
16040
16030
16030
16060
16030
16060
16030
16019
16039
16019
16029
16050
16030
16060
16050
16050
16030
16050
16030
16029
16029
16060
16040
16040
16030
16030
16040
16050
16061
16029
16030
31428
16420
16050
16041
16040
16050
16040
16030
16070
16030
16070
16050
16039
16050
16070
16020
16020
16060
16040
16030
16029
16061
16040
16050
16040
16040
16020
16030
16030
16030
18525
16140
16050
16039
16039
16020
16050
16030
16030
16030
16030
16030
16040
16029
16019
16039
16040
16050
16040
16040
16040
16040
16040
16040
16050
16039
16030
16020
16040
16030
16030
33102
16120
16040
16040
16050
16069
16030
16030
16030
16030
16030
16030
16020
16020
16019
16030
16019
16020
16030
16030
16020
16030
16030
16020
16040
16030
16029
16020
16019
16020
16029
16030
16040
16040
16050
16030
16030
16040
16050
16040
16040
16040
16020
16030
16030
16020
16020
16040
16040
16029
16029
16040
16030
16040
16030
16020
16030
16030
16030
16020
16019
36609
16100
16040
16030
16039
16019
16030
16020
16019
16030
16020
16020
16020
16030
16030
16020
16020
16030
16019
16020
16030
16030
16019
16020
16020
16030
16020
16040
16040
16020
16030
16020
16019
16020
16020
16019
16029
16030
16020
16030
16030
16030
16030
16030
16020
16020
16019
16029
16019
16020
16040
16020
16020
16030
16020
16030
16020
16030
16030
16030
33512
16170
16360
16030
16030
16020
16009
16029
16030
16050
16030
16020
16030
16020
16020
16020
16010
16020
16030
16019
16019
16029
16021
16029
16019
16030
16020
16020
16020
16020
16020
16040
16030
16020
16030
16049
16030
16029
16020
16030
16030
16110
16030
16020
16040
16020
16050
16039
16041
16049
16040
16040
16040
16050
16040
16040
16039
16040
16049
16040
39583
16170
16040
16020
16040
16039
16020
16010
16040
15999
16010
16010
16020
16010
16010
16010
16000
16010
16010
16030
16020
16020
16020
16010
16009
16010
16010
16009
16020
16020
16020
16040
16010
16020
16040
16050
16010
16010
16019
16009
16020
16029
16010
16050
16050
16050
16070
16020
16060
16020
16010
16009
16050
16050
16020
16060
16020
16010
16040
16040
16010
33032
16110
16030
16020
16019
16030
16010
16010
16020
16030
16020
16010
16030
16010
16020
16020
16010
16020
16010
16010
16019
16000
16010
16010
16020
16010
16010
16020
16020
16010
16010
16020
16020
16010
16010
16029
16020
16020
16010
16020
16020
16010
16040
16030
16010
16020
16030
16010
16020
16010
16020
16010
16010
16009
16009
16010
16020
16009
16030
16010
16030
37470
16381
16049
16040
16040
16040
16040
16040
16020
16049
16039
16040
16020
16020
16040
16040
16040
16040
16020
16049
16040
16019
16039
16020
16020
16040
16040
16020
16020
16040
16029
16039
16049
16050
16040
16030
16040
16040
16050
16020
16040
16041
16030
16040
16040
16040
16040
16020
16020
16050
16039
16039
16029
16040
16050
16040
16040
16040
16030
16040
37510
16210
16030
16040
16030
16020
16030
16030
16029
16030
16019
16030
16040
16030
16030
16030
16020
16030
16020
16020
16060
16039
16030
16040
16029
16020
16020
16030
16020
16040
16030
16030
16020
16030
16030
16019
16029
16030
16030
16030
16050
16030
16030
16030
16040
16030
16049
16030
16030
16029
16030
16030
16030
16040
16030
16030
16020
16040
16039
16030
16019
32851
16080
16030
16040
16029
16029
16050
16040
16020
16030
16050
16030
16030
16029
16039
16040
16040
16040
16030
16040
16040
16050
16020
16070
16039
16030
16050
16050
16030
16020
16050
16040
16019
16030
16020
16039
16020
16040
16030
16030
16030
16040
16020
16029
16030
16040
16040
16020
16020
16030
16050
16020
16030
16030
16040
16040
16019
16029
16030
16020
16030
37370
16100
16080
16080
16059
16070
16050
16060
16070
16070
16060
16059
16040
16060
16060
16060
16050
16060
16049
16059
16050
16050
16050
16070
16060
16060
16050
16060
16050
16060
16070
16070
16050
16059
16049
16060
16050
16070
16060
16060
16050
16069
16050
16060
16050
16060
16050
16059
16050
16060
16070
16060
16070
16049
16059
16070
16070
16060
16050
16050
42208
16070
16080
16049
16060
16040
16040
16040
16050
16050
16050
16050
16029
16060
16060
16050
16050
16050
16049
16050
16050
16040
16050
16050
16050
16050
16060
16049
16039
18614
16120
16050
16030
16060
16050
16060
16049
16039
16060
16060
16030
16040
16050
16040
16050
16041
16029
16040
16050
16040
16050
16040
16040
16049
16040
16039
16050
16040
16050
16050
34194
16140
16060
16039
16059
16060
16070
16070
16040
16040
16060
16050
16050
16050
16060
16060
16050
16050
16050
16059
16060
16050
16060
16070
16040
16060
16059
16070
16050
16050
16050
16050
16050
16050
16039
16039
16050
16050
16040
16040
16040
16040
16060
16059
16050
16040
16050
16080
16070
16060
16061
16050
16050
16040
16060
16060
16050
16049
16059
16050
16040
41367
16110
16360
16050
16060
16039
16059
16059
16060
16040
16070
16060
16050
16049
16059
16029
16050
16080
16090
16070
16049
16050
16040
16050
16060
16070
16060
16040
16019
16041
16029
16029
16030
16040
16020
16050
16060
16040
16060
16040
16070
16060
16060
16060
16060
16060
16059
16050
16050
16030
16060
16060
16050
16030
16030
16029
16060
16040
16030
16050
32130
16120
16050
16060
16050
16060
16070
16060
16080
16081
16080
16070
16080
16070
16070
16080
16090
16080
16070
16080
16090
16069
16070
16060
16060
16070
16070
16060
16070
16070
16070
16070
16060
16070
16070
16070
16070
16070
16070
16060
16070
16080
16070
16080
16070
16070
16060
16060
16070
16080
16080
16069
16080
16070
16070
16070
16070
16070
16070
16080
16280
35696
16079
16040
16030
16020
16020
16040
16050
16040
16029
16039
16039
16020
16030
16030
16040
16030
16030
16029
16029
16041
16040
16040
16040
16020
16030
16030
16040
16030
16030
16019
16030
16030
16019
16040
16020
16020
16020
16030
16020
16020
16010
16019
16019
16010
16021
16020
16020
16010
16010
16020
16040
16020
16020
16020
16020
16020
16030
16160
16050
32180
16070
16070
16050
16029
16050
16040
16050
16050
16050
16050
16060
16050
16039
16040
16040
16050
16050
16060
16050
16040
16050
16050
16050
16070
16050
16020
16050
16049
16050
16049
16070
16050
16040
16040
16050
16049
16070
16050
16060
16060
16050
16070
16050
16050
16049
16070
16050
16050
16050
16060
16049
16050
16060
16050
16050
16050
16060
16060
16050
16260
35135
16070
16040
16050
16060
16060
16070
16030
16040
16060
16080
16080
16060
16060
16030
16060
16060
16069
16059
16040
16030
16050
16060
16020
16050
16050
16030
16059
16060
16050
16070
16060
16060
16059
16070
16060
16030
16060
16060
16060
16029
16059
16029
16060
16060
16070
16070
16059
16049
16060
16070
16060
16050
16030
16060
16061
16050
16050
16060
16070
32190
16130
16059
16080
16050
16060
16070
16049
16070
16069
16050
16060
16060
16040
16060
16059
16050
16050
16060
16030
16050
16060
16060
16059
16070
16050
16060
16060
16050
16040
16040
16039
16050
16060
16050
16060
16040
16040
16040
16059
16090
16050
16070
16060
16080
16060
16059
16049
16050
16060
16060
16040
16050
16050
16049
16049
16060
16040
16050
16060
16060
32030
16090
16069
16080
16060
16060
16040
16060
16060
16069
16061
16050
16070
16040
16030
16030
16030
16040
16029
16030
16030
16030
16040
16030
16040
16040
16040
16049
16040
16029
16049
16060
16050
16030
16030
16030
16040
16070
16029
16040
16030
16060
16060
16060
16040
16040
16060
16070
16060
16050
16060
16060
16050
16029
16029
16060
16060
16050
16030
16050
16060
46606
16089
16370
16059
16050
16060
16060
16040
16060
16070
16059
16070
16060
16060
16060
16060
16060
16060
16050
16070
16070
16070
16080
16060
16070
16049
16080
16070
16060
16060
16059
16060
16070
16060
16060
16080
16060
16060
16059
16060
16070
16080
16070
16070
16070
16080
16070
16080
16070
16069
16070
16070
16060
16060
16090
16070
16079
16070
16070
16060
36458
16090
16039
16030
16050
16060
16050
16050
16050
16060
16039
16061
16040
16050
16040
16040
16040
16050
16050
16039
16040
16040
16040
16050
16040
16040
16040
16039
16050
16039
16130
16060
16050
16019
16061
16040
16040
16050
16030
16040
16030
16030
16030
16030
16030
16039
16029
16040
16040
16020
16030
16050
16040
16030
16030
16041
16030
16029
16030
16020
40115
16150
16060
16040
16040
16070
16070
16050
16070
16060
16060
16059
16061
16060
16070
16050
16050
16070
16049
16050
16050
16060
16070
16050
16050
16060
16070
16050
16060
16060
16070
16060
16059
16050
16060
16060
16050
16060
16040
16050
16070
16049
16040
16060
16060
16060
16050
16050
16061
16060
16060
16060
16040
16060
16070
16059
16059
16050
16060
16060
32280
16140
16060
16300
16069
16050
16050
16040
16030
16030
16030
16040
16039
16050
16020
16050
16040
16030
16030
16020
16020
16020
16020
16020
16020
16040
16041
16040
16019
16030
16020
16020
16030
16020
16030
16020
16020
16070
16029
16020
16030
16020
16020
16030
16030
16020
16030
16020
16030
16050
16030
16029
16039
16019
16030
16030
16040
16030
16030
16020
16040
36248
16110
16081
16070
16060
16050
16050
16060
16050
16061
16060
16060
16080
16050
16050
16050
16070
16050
16050
16050
16050
16040
16050
16039
16061
16050
16060
16060
20258
16130
16070
16059
16049
16050
16040
16060
16040
16050
16060
16059
16050
16050
16050
16050
16030
16070
16049
16050
16050
16050
16050
16050
16050
16050
16049
16050
16060
16050
16060
16060
37150
16150
16050
16070
16050
16039
16030
16050
16050
16060
16030
16050
16040
16040
16049
16050
16059
16040
16040
16050
16040
16040
16040
16039
16039
16039
16040
16040
16060
16040
16040
16050
16060
16059
16039
16050
16060
16050
16060
16040
16040
16039
16061
16040
16050
16050
16040
16060
16040
16050
16039
16041
16049
16050
16060
16070
16050
16050
16050
16070
16060
32270
16100
16070
16050
16060
16040
16060
16060
16050
16060
16049
16059
16040
16050
16040
16060
16060
16060
16050
16060
16070
16060
16050
16070
16050
16061
16060
16050
16060
16050
16050
16060
16050
16059
16060
16070
16060
16060
16060
16050
16059
16060
16060
16050
16070
16050
16050
16050
16060
16080
16070
16070
16050
16070
16060
16060
16050
16050
16040
16050
33832
16150
16060
16070
16060
16059
16060
16070
16050
16060
16060
16040
16039
16030
16030
16140
16069
16060
16070
16030
16040
16050
16050
16050
16041
16039
16040
16040
16060
16030
16050
16040
16059
16050
16060
16030
16040
16030
16050
16040
16040
16040
16050
16029
16040
16040
16050
16050
16050
16030
16049
16039
16040
16050
16040
16030
16040
16050
16050
16049
16050
44011
16080
16020
16040
16030
16030
16050
16010
16049
16039
16030
16040
16050
16020
16050
16030
16040
16050
16049
16050
16050
16020
16040
16020
16050
16030
16050
16039
16039
16020
16040
16010
16050
16050
16050
16040
16049
16020
16039
16019
16040
16040
16060
16040
16030
16030
16029
16019
16030
16039
16040
16050
16030
16030
16030
16050
16030
16029
16041
16040
33031
16150
16050
16040
16040
16030
16040
16040
16029
16019
16029
16029
16030
16040
16020
16030
16030
16030
16040
16030
16029
16030
16029
16050
16030
16050
16040
16050
16040
16050
16050
16049
16040
16040
16050
16050
16040
16040
16040
16050
16039
16039
16040
16050
16040
16050
16050
16059
16039
16059
16050
16040
16040
16040
16050
16050
16039
16050
16050
16040
16050
35937
16070
16050
16070
16041
16030
16050
16050
16040
16040
16040
16030
16049
16061
16019
16040
16040
16050
16050
16060
16050
16050
16029
16060
16040
16060
16060
16060
16059
16059
16050
16060
16050
16050
16060
16069
16061
16060
16040
16040
16040
16040
16040
16050
16059
16070
16050
16060
16050
16060
16060
16059
16070
16060
16060
16070
16060
16070
16041
16039
33262
16160
16081
16029
16050
16060
16050
16060
16060
16050
16049
16050
16040
16060
16040
16060
16060
16039
16050
16049
16050
16040
16050
16040
16050
16040
16050
16049
16060
16060
16040
18374
16080
16030
16050
16030
16040
16030
16030
16039
16039
16029
16050
16040
16040
16050
16040
16020
16040
16029
16040
16010
16030
16030
16040
16040
16030
16030
16030
16030
16039
33041
16100
16060
16060
16060
16030
16050
16030
16020
16040
16039
16050
16040
16040
16060
16020
16050
16040
16040
16050
16039
16029
16040
16030
16020
16020
16030
16020
16020
16030
16030
16039
16029
16049
16040
16030
16020
16040
16030
16020
16030
16030
16019
16020
16019
16020
16019
16030
16030
16020
16020
16030
16020
16040
16030
16020
16029
16030
16030
16030
16030
36097
16080
16069
16020
16070
16040
16040
16040
16030
16050
16030
16019
16060
16030
16040
16020
16010
16010
16020
16020
16020
16020
16030
16019
16020
16019
16030
16030
16030
16040
16030
16030
16030
16020
16010
16010
16020
16021
16029
16019
16020
16020
16030
16040
16030
16030
16040
16040
16019
16029
16060
16020
16010
16020
16030
16020
16020
16040
16030
16020
33703
16251
16040
16060
16040
16040
16070
16050
16050
16040
16060
16050
16050
16040
16040
16070
16040
16050
16039
16040
16070
16040
16070
16040
16040
16061
16049
16070
16050
16040
16040
16050
16070
16040
16069
16060
16050
16040
16050
16050
16070
16039
16050
16040
16050
16040
16040
16050
16040
16040
16049
16041
16049
16040
16060
16070
16070
16060
16049
16050
16040
34564
16119
16059
16070
16050
16050
16070
16050
16059
16039
16080
16050
16070
16060
16050
16060
16050
16060
16050
16050
16060
16030
16060
16060
16050
16049
16060
16060
16070
16040
16060
16059
16049
16040
16050
16040
16050
16060
16050
16049
16050
16049
16050
16070
16050
16050
16060
16049
16030
16039
16050
16060
16040
16060
16050
16050
16030
16039
16070
16050
16050
43912
16080
16040
16039
16030
16060
16040
16060
16060
16050
16040
16070
16060
16060
16060
16040
16070
16060
16070
16049
16060
16060
16070
16040
16040
16049
16070
16030
16070
16060
16080
16050
16050
16061
16080
16050
16080
16060
16060
16060
16070
16060
16070
16070
16070
16059
16050
16070
16080
16070
16070
16060
16059
16040
16070
16070
16070
16070
16079
16070
37399
16120
16060
16040
16030
16040
16039
16050
16049
16040
16040
16030
16040
16060
16050
16059
16050
16039
16060
16050
16040
16040
16070
16050
16050
16059
16040
16060
16030
16040
16050
16039
16061
16029
16040
16040
16060
16050
16040
16040
16070
16039
16050
16060
16040
16050
16060
16059
16059
16040
16040
16060
16080
16060
16049
16039
16050
16040
16050
16070
65001
16140
16060
16060
16070
16060
16060
16070
16040
16060
16070
16050
16060
16050
16060
16050
16060
16050
16050
16050
16050
16049
16050
16050
16050
16050
16050
16050
16049
16050
16050
16050
16140
16050
16039
16059
16050
16050
16050
16060
16060
16070
16070
16059
16070
16060
16060
16070
16060
16059
16070
16060
16050
16060
16070
16070
16059
16080
39874
16180
16050
16040
16020
16020
16030
16020
16030
16040
16029
16030
16040
16029
16040
16040
16040
16040
16040
16040
16040
16039
16039
16029
16040
16030
16040
16040
16030
16040
16040
16029
16040
16030
16039
16039
16040
16030
16020
16040
16050
16040
16040
16039
16039
16030
16040
16030
16030
16020
16040
16040
16040
16030
16040
16030
16039
16030
16030
16040
16030
32240
16120
16081
16060
16070
16060
16090
16060
16061
16069
16050
16060
16060
16050
16050
16059
16020
16060
16070
16060
16060
16050
16050
16039
16041
16049
16040
16070
16040
16050
16040
16060
16050
16049
16040
16050
16040
16060
16040
16060
16061
16040
16050
16070
16060
16040
16050
16040
16050
16049
16060
16060
16040
16050
16050
16060
16049
16060
16040
16060
16250
32891
16110
16059
16030
16030
16020
16040
16050
16020
16050
16070
16029
16039
16050
16070
16050
16050
16050
16050
16059
16039
16040
16060
16050
16050
16040
16030
16040
16061
16029
18574
16080
16060
16040
16040
16050
16040
16050
16039
16041
16059
16070
16070
16060
16040
16060
16040
16059
16070
16060
16060
16050
16050
16080
16061
16080
16060
16060
16070
16060
34995
16100
16060
16050
16059
16061
16070
16070
16060
16060
16070
16059
16059
16060
16060
16050
16070
16040
16060
16059
16060
16060
16060
16050
16060
16059
16070
16050
16060
16050
16060
16060
16060
16061
16059
16060
16060
16060
16060
16060
16061
16059
16060
16070
16060
16050
16079
16059
16040
16070
16050
16060
16070
16039
16059
16059
16060
16060
16060
16060
16070
36187
16110
16061
16060
16070
16060
16080
16070
16050
16059
16060
16060
16050
16070
16059
16061
16060
16060
16060
16060
16070
16069
16069
16060
16060
16080
16060
16050
16070
16080
16060
16070
16070
16080
16070
16079
16070
16070
16060
16050
16050
16049
16060
16050
16050
16060
16060
16060
16059
16070
16070
16060
16060
16050
16059
16060
16060
16060
16070
16050
30847
16130
16069
16049
16039
16050
16060
16060
16050
16040
16050
16050
16040
16040
16040
16040
16060
16040
16040
16040
16050
16039
16050
16050
16050
16050
16040
16040
16040
16060
16050
16060
16050
16040
16050
16030
16030
16040
16040
16050
16040
16040
16040
16050
16050
16040
16050
16050
16050
16040
16050
16050
16060
16050
16080
16060
16050
16040
16060
16060
16040
32060
16080
16039
16029
16019
16030
16040
16040
16040
16030
16030
16040
16039
16020
16030
16030
16030
16040
16040
16040
16030
16040
16039
16029
16030
16029
16030
16030
16030
16030
16030
16030
16030
16039
16030
16039
16029
16040
16030
16030
16030
16040
16030
16030
16030
16029
16040
16030
16030
16030
16040
16030
16030
16029
16030
16029
16029
16030
16030
16040
16030
30888
16100
16040
16040
16040
16039
16070
16070
16060
16060
16060
16040
16059
16061
16060
16050
16040
16060
16070
16070
16061
16049
16070
16060
16090
16040
16059
16049
16070
16050
16070
16040
16040
16059
16050
16059
16070
16060
16060
16060
16060
16059
16070
16060
16060
16040
16070
16060
16059
16070
16070
16080
16070
16069
16070
16039
16070
16050
16060
16060
16070
29675
16090
16060
16070
16040
16040
16070
16050
16030
16030
16030
16050
16049
16030
16049
16060
16030
16030
16040
16030
16030
16040
16050
16040
16040
16040
16040
16040
16050
16050
16050
16039
16029
16029
16050
16040
16040
16040
16040
16040
16040
16070
16050
16050
16050
16040
16040
16040
16040
16040
16050
16040
16060
16040
16060
16040
16040
16049
16049
16050
16050
58048
16080
16029
16030
16049
16050
16030
16050
16030
16030
16040
16039
16039
16049
16040
16040
16040
16040
16040
16040
16030
16049
16030
16049
16040
16050
16050
16040
16050
16020
16050
16039
16029
16039
16040
16040
16030
16060
16040
16030
16060
16040
16040
16060
16030
16030
16040
16050
16030
16039
16059
16040
16050
16040
16040
16040
16040
16030
16040
37770
16100
16060
16040
16050
16030
16060
16040
16050
16060
16040
16049
16039
16059
16040
16040
16040
16050
16040
16050
16039
16049
16050
16050
16040
16050
16030
16040
16040
16039
16049
16040
16040
16040
16040
16040
16040
16040
16039
16040
16040
16040
16050
16050
16040
16030
16049
16050
16040
16040
16050
16160
16040
16030
16010
16010
16010
16010
16000
16010
39874
16080
16030
16010
16020
16010
16010
16010
16010
16020
16010
16000
16009
16010
16009
16039
16039
16040
16050
16050
16030
16040
16030
16060
16039
16039
16039
16030
16030
16040
16030
16030
16030
16030
16040
16029
16030
16020
16039
16030
16030
16040
16030
16040
16030
16030
16029
16040
16029
16029
16040
16030
16040
16050
16030
16030
16030
16030
16030
16029
37219
16130
16050
16020
16030
16040
16040
16050
16030
16030
16030
16050
16039
16019
16019
16050
16020
16020
16020
16030
16030
16050
16040
16050
16019
16019
16019
16019
16019
16030
18985
16121
16029
16040
16050
16040
16040
16030
16050
16040
16040
16030
16049
16040
16040
16030
16030
16040
16030
16040
16039
16039
16050
16050
16030
16060
16030
16050
16030
16040
16030
39022
16079
16059
16050
16070
16070
16060
16040
16040
16050
16040
16040
16040
16050
16040
16070
16050
16049
16050
16039
16040
16040
16030
16040
16040
16040
16070
16061
16069
16050
16060
16060
16070
16059
16061
16060
16070
16060
16080
16060
16060
16070
16070
16060
16060
16070
16070
16070
16059
16050
16060
16070
16070
16060
16059
16049
16060
16060
16060
16060
43201
16120
16030
16040
16039
16029
16029
16020
16020
16020
16020
16020
16030
16020
16040
16020
16020
16039
16019
16030
16020
16040
16020
16020
16030
16020
16020
16040
16020
16030
16029
16039
16020
16030
16030
16020
16030
16020
16030
16030
16030
16020
16040
16019
16029
16030
16020
16030
16030
16030
16030
16020
16030
16030
16020
16030
16019
16020
16029
16020
16030
53469
16100
16070
16050
16050
16361
16040
16050
16040
16049
16061
16040
16040
16040
16060
16030
16050
16040
16059
16050
16040
16050
16050
16030
16050
16040
16030
16040
16050
16050
16060
16050
16050
16050
16060
16049
16050
16050
16060
16050
16070
16050
16050
16040
16039
16040
16040
16049
16050
16039
16040
16040
16040
16040
16040
16050
16040
16041
16039
38712
16110
16050
16019
16040
16040
16070
16050
16020
16030
16030
16030
16040
16040
16030
16039
16039
16030
16030
16020
16030
16030
16030
16040
16030
16050
16050
16049
16060
16050
16050
16050
16050
16059
16040
16029
16050
16050
16040
16050
16050
16050
16050
16030
16060
16060
16050
16050
16050
16040
16039
16050
16040
16050
16070
16030
16030
16030
16039
16050
33222
16110
16060
16070
16049
16050
16060
16060
16040
16060
16040
16070
16059
16050
16049
16070
16060
16050
16050
16050
16060
16060
16050
16050
16060
16050
16050
16060
16049
16060
16060
16050
16050
16060
16050
16050
16049
16060
16070
16040
16040
16040
16060
16041
16050
16060
16050
16060
16050
16060
16060
16050
16050
16060
16050
16050
16060
16050
16050
16050
16040
33602
16121
16040
16060
16040
16050
16040
16050
16059
16039
16070
16070
16070
16070
16070
16060
16070
16060
16060
16070
16049
16059
16050
16060
16060
16070
16050
16060
16059
16070
16060
16070
16060
16070
16060
16060
16050
16060
16050
16060
16060
16039
16050
16050
16040
16070
16060
16060
16040
16059
16070
16049
16060
16040
16050
16060
16060
16061
16080
16070
40535
16180
16039
16040
16029
16040
16030
16030
16040
16030
16040
16030
16030
16029
16030
16020
16029
16030
16030
16030
16030
16030
16030
16050
16029
16030
16039
16020
16029
16050
16030
16040
16030
16030
16030
16030
16029
16030
16039
16030
16030
16030
16030
16030
16030
16030
16040
16059
16039
16030
16050
16060
16040
16030
16020
16020
16030
16039
16029
16030
16030
29064
16090
16030
16030
16029
16041
16029
16020
16020
16020
16020
16030
16030
16020
16020
16030
16020
16019
16020
16029
16019
16020
16020
16020
16020
16020
16020
16010
16020
16020
16020
16010
16019
16030
16050
16020
16030
16020
16050
16020
16020
16020
16020
16010
16020
16020
16030
16019
16029
16019
16019
16020
16020
16030
16030
16020
16020
16030
16030
16020
16221
37650
16090
16050
16050
16040
16040
16050
16040
16040
16061
16049
16050
16040
16050
16030
16040
16030
16020
16029
16040
16050
16050
16030
16030
16050
16060
16050
16040
16029
16049
16040
16030
16030
16040
16040
16030
16040
16040
16041
16049
16040
16050
16060
16050
16050
16050
16040
16041
16030
16040
16040
16050
16040
16030
16040
16040
16059
16059
16050
16050
45705
16150
16060
16070
16060
16040
16060
16050
16059
16130
16050
16040
16040
16040
16039
16029
16030
16029
16040
16040
16040
16030
16040
16030
16030
16039
16029
16050
16030
16040
18725
16120
16070
16060
16040
16049
16050
16060
16050
16050
16050
16050
16060
16041
16049
16040
16050
16050
16050
16060
16059
16050
16060
16050
16050
16050
16060
16050
16030
16059
30276
16140
16070
16069
16080
16050
16040
16050
16050
16070
16059
16060
16060
16060
16060
16050
16060
16049
16049
16040
16040
16060
16060
16060
16050
16039
16050
16060
16050
16030
16050
16070
16060
16059
16070
16070
16050
16060
16060
16070
16060
16070
16060
16070
16050
16050
16070
16070
16060
16060
16029
16030
16060
16050
16040
16050
16039
16049
16049
16030
45354
16141
16060
16050
16060
16050
16030
16039
16030
16039
16040
16030
16030
16040
16050
16040
16040
16040
16030
16030
16040
16040
16040
16030
16040
16030
16050
16050
16049
16060
16060
16060
16060
16070
16060
16070
16049
16060
16050
16050
16070
16050
16059
16060
16050
16060
16070
16060
16060
16070
16070
16050
16070
16060
16060
16060
16060
16061
16060
16040
16260
28974
16080
16030
16030
16040
16030
16030
16019
16350
16030
16039
16019
16019
16019
16019
16020
16020
16020
16020
16020
16020
16030
16030
16030
16040
16040
16021
16049
16019
16010
16040
16060
16020
16020
16050
16020
16040
16061
16030
16020
16020
16020
16040
16030
16030
16030
16020
16020
16019
16019
16020
16020
16019
16030
16020
16020
16020
16040
16020
16020
31820
16120
16050
16060
16070
16069
16060
16060
16050
16050
16050
16060
16050
16059
16059
16050
16060
16060
16050
16050
16050
16060
16060
16050
16050
16070
16040
16050
16070
16061
16060
16060
16060
16050
16050
16050
16060
16061
16060
16050
16060
16050
16060
16060
16060
16061
16050
16060
16050
16060
16050
16050
16059
16059
16050
16050
16050
16050
16060
16060
16061
35897
16170
16040
16050
16060
16059
16059
16050
16030
16030
16030
16030
16040
16030
16030
16040
16019
16060
16030
16040
16030
16040
16030
16040
16030
16030
16029
16030
16060
16040
16030
16040
16040
16040
16040
16030
16040
16030
16040
16040
16040
16030
16040
16040
16040
16030
16040
16041
16040
16050
16030
16030
16040
16030
16030
16030
16030
16030
16040
16050
16040
33102
16060
16050
16020
16070
16040
16050
16070
16070
16060
16060
16070
16070
16070
16070
16060
16060
16060
16060
16049
16050
16040
16070
16070
16050
16040
16060
16049
16059
16059
16060
16060
16060
16060
16060
16059
16070
16060
16050
16050
16070
16060
16070
16060
16070
16070
16050
16070
16050
16059
16060
16080
16050
16060
16070
16059
16061
16070
16070
16060
16060
40576
16090
16030
16019
16020
16020
16010
16010
16040
16020
16030
16020
16030
16010
16030
16020
16030
16030
16030
16020
16030
16030
16040
16030
16030
16030
16030
16030
16049
16030
16060
16030
16020
16050
16030
16030
16020
16020
16019
16030
16029
16039
16030
16030
16040
16030
16020
16030
16030
16040
16019
16030
16040
16050
16030
16030
16040
16030
16030
16040
39484
16080
16020
16049
16019
16030
16040
16040
16030
16020
16040
16020
16030
16020
16010
16010
16020
16020
16021
16029
16030
16010
16030
16030
16020
16020
16020
16030
16020
16010
16040
16050
16009
16020
16010
16020
16030
16020
16020
16030
16010
16010
16020
16040
16019
16040
16030
16049
16040
16010
16020
16010
16030
16020
16030
16030
16030
16030
16040
16030
16030
32681
16080
16040
16040
16049
16050
16040
16030
16040
16040
16030
16040
16040
16040
16030
16030
16040
16030
16030
16030
16050
16030
16040
16039
16030
16030
16040
16030
16040
16030
16040
16030
16040
16040
16029
16040
16030
16030
16030
16030
16030
16030
16050
16020
16049
16039
16040
16030
16040
16040
16030
16050
16030
16030
16029
16039
16029
16040
16040
16030
34925
16090
16020
16019
16029
16040
16040
16020
16020
16050
16050
16040
16029
16029
16039
16040
16050
16040
16050
16050
16050
16039
16030
16040
16040
16050
16040
16060
16050
16040
16050
18354
16070
16030
16010
16000
16000
16020
16010
16030
16009
16041
15999
16009
16019
16010
16040
16040
16010
16000
16010
16010
16010
16020
16050
16020
16010
16009
15999
16020
16020
35706
16090
16029
16020
16030
16040
16020
16010
16030
16040
16030
16030
16009
16030
16050
16029
16040
16050
16040
16040
16020
16020
16040
16030
16041
16039
16170
16040
16010
16040
16010
16020
16000
16010
16010
16010
16009
16009
16010
15999
16009
16030
16020
16030
16020
16010
16040
16010
16010
16010
16010
16019
16029
16010
16019
16010
16009
16010
16020
16010
31178
16110
16060
16029
16040
16040
16030
16030
16030
16030
16040
16030
16020
16020
16019
16020
16030
16019
16020
16030
16030
16030
16030
16040
16030
16030
16020
16029
16029
16030
16020
16030
16020
16040
16030
16020
16030
16030
16030
16020
16019
16020
16019
16020
16030
16040
16030
16030
16040
16040
16039
16020
16039
16029
16030
16020
16030
16010
16020
16020
16020
38442
16120
16060
16050
16070
16060
16050
16050
16060
16059
16070
16049
16060
16050
16050
16050
16050
16060
16060
16060
16040
16050
16060
16060
16050
16049
16059
16060
16050
16060
16060
16060
16050
16049
16060
16060
16070
16050
16050
16039
16059
16049
16050
16050
16060
16060
16050
16059
16050
16039
16050
16050
16050
16050
16060
16049
16059
16070
16060
16060
16050
29145
16070
16020
16040
16050
16030
16050
16049
16050
16019
15999
16009
16020
16030
16020
16030
16030
16030
16030
16030
16030
16029
16010
16000
16009
16020
16040
16020
16010
16030
16020
16030
16040
16030
16020
16029
16010
16009
16030
16020
16009
16000
16020
16000
16030
16020
16010
16030
16030
16010
16020
16010
16019
16010
16019
16019
16029
16010
16020
16010
32390
16121
16039
16030
16040
16020
16020
16040
16020
16030
16020
16019
16019
16020
16039
16019
16030
16010
16030
16030
16020
16040
16040
16040
16050
16039
16039
16040
16020
16040
16040
16030
16020
16030
16020
16029
16029
16041
16030
16020
16030
16030
16040
16040
16020
16040
16030
16020
16029
16019
16039
16039
16020
16010
16020
16020
16020
16020
16010
16020
16040
33703
16150
16060
16030
16050
16050
16030
16040
16050
16050
16019
16039
16050
16030
16030
16040
16050
16040
16030
16049
16050
16039
16040
16050
16040
16030
16040
16040
16030
16030
16039
16050
16029
16040
16040
16040
16040
16040
16040
16030
16041
16040
16040
16060
16040
16040
16020
16030
16040
16039
16050
16030
16030
16049
16039
16050
16040
16050
16020
16040
16040
33353
16080
16030
16040
16050
16040
16039
16041
16040
16040
16050
16040
16040
16040
16030
16030
16030
16039
16050
16050
16040
16040
16050
16030
16040
16030
16030
16030
16040
16040
16040
16030
16040
16030
16040
16040
16030
16030
16039
16030
16040
16040
16040
16040
16040
16040
16040
16040
16039
16039
16040
16040
16040
16030
16030
16040
16049
16040
16030
16030
16040
35265
16080
16030
16010
16000
16030
16040
16050
16040
16061
16039
16040
16040
16040
16040
16040
16050
16039
16039
16039
16029
16040
16040
16040
16040
16030
16020
16049
16041
16039
16040
16030
16040
16040
16050
16040
16039
16040
16040
16040
16040
16040
16030
16040
16040
16030
16050
16050
16030
16050
16040
16030
16040
16040
16050
16049
16041
16050
16040
16040
33863
16150
16069
16040
16030
16040
16040
16040
16040
16040
16030
16029
16049
16039
16040
16030
16040
16030
16040
16050
16060
16030
16029
16050
16050
16030
16030
16040
16030
16050
16040
16040
16050
16030
16040
16050
16060
16040
16050
16050
16050
16039
16050
16040
16050
16040
16050
16050
16050
16029
16050
16050
16060
16050
16060
16040
16040
16050
16049
16041
16060
35225
16150
16060
16050
16060
16050
16059
16050
16060
16050
16050
16050
16050
16050
16049
16061
16060
16070
16050
16060
16050
16060
16050
16059
16050
16070
16060
16050
16060
16050
16059
18694
16050
16050
16040
16020
16030
16020
16020
16019
16019
16030
16019
16019
16020
16030
16020
16020
16030
16020
16020
16030
16010
16010
16029
16029
16030
16020
16029
16020
16020
33012
16120
16060
16060
16050
16030
16049
16050
16059
16050
16050
16050
16050
16020
16030
16030
16029
16019
16030
16020
16020
16020
16030
16020
16020
16020
16030
16030
16020
16020
16030
16039
16030
16020
16030
16020
16020
16020
16030
16030
16020
16030
16020
16029
16030
16030
16019
16030
16040
16030
16030
16030
16020
16030
16020
16029
16030
16050
16060
16050
40175
16150
16050
16020
16049
16040
16040
16040
16050
16030
16049
16019
16040
16029
16060
16040
16040
16050
16030
16020
16030
16029
16039
16039
16040
16030
16030
16040
16040
16030
16030
16030
16039
16039
16030
16040
16030
16030
16040
16030
16030
16040
16170
16070
16040
16020
16030
16030
16030
16030
16020
16030
16020
16041
16019
16020
16030
16030
16030
16030
16230
29084
16100
16060
16029
16030
16030
16030
16040
16020
16020
16030
16040
16030
16030
16029
16041
16049
16019
16030
16030
16040
16040
16030
16050
16030
16029
16030
16040
16029
16030
16030
16030
16040
16030
16040
16050
16030
16029
16040
16060
16040
16030
16050
16050
16020
16040
16029
16050
16029
16030
16030
16030
16030
16030
16020
16040
16030
16030
16019
16030
30186
16110
16020
16029
16039
16059
16060
16040
16040
16050
16020
16040
16060
16040
16040
16030
16040
16050
16060
16040
16040
16040
16069
16049
16040
16030
16050
16060
16030
16040
16020
16039
16030
16030
16030
16030
16030
16040
16050
16040
16040
16049
16030
16040
16030
16040
16030
16040
16040
16040
16030
16029
16029
16041
16049
16030
16030
16040
16040
16040
16030
42049
16090
16070
16060
16050
16039
16039
16039
16040
16040
16050
16030
16050
16070
16049
16050
16050
16020
16020
16050
16030
16030
16050
16049
16019
16029
16039
16030
16040
16030
16030
16030
16030
16020
16039
16029
16039
16060
16030
16030
16050
16030
16020
16040
16060
16030
16049
16050
16030
16030
16030
16030
16030
16030
16050
16029
16030
16060
16040
16040
16040
41036
16080
16050
16040
16020
16050
16060
16029
16030
16009
16050
16050
16050
16030
16050
16040
16020
16050
16049
16040
16029
16040
16040
16030
16030
16040
16050
16040
16010
16040
16040
16040
16040
16050
16040
16040
16050
16030
16039
16029
16030
16009
16060
16040
16040
16040
16030
16040
16040
16039
16040
16039
16050
16040
16050
16040
16050
16030
16050
16039
33772
16080
16050
16030
16040
16020
16020
16040
16020
16020
16009
16041
16010
16020
16009
16020
16030
16040
16020
16020
16010
16040
16030
16040
16019
16030
16020
16029
16019
16020
16010
16030
16020
16010
16020
16030
16030
16030
16019
16019
16019
16030
16009
16020
16020
16020
16020
16020
16020
16030
16050
16020
16020
16020
16020
16020
16030
16030
16020
16050
16020
33352
16060
16010
16039
16039
16030
16000
16050
16020
16050
16050
16050
16019
16009
16010
16050
16029
16010
16050
16030
16000
16050
16010
16020
16030
16020
16029
16030
16040
16029
16060
16020
16030
16030
16030
16050
16010
16030
16059
16050
16050
16060
16040
16010
16030
16060
16040
16039
16050
16049
16050
16000
16040
16040
16030
16040
16040
16029
16039
16039
33983
16150
16040
16040
16070
16040
16040
16050
16050
16050
16040
16050
16039
16039
16050
16040
16040
16050
16040
16040
16059
16039
16039
16050
16040
16050
16050
16040
16040
16050
16039
16039
16050
16060
16040
16040
16040
16040
16040
16050
16039
16039
16050
16040
16060
16050
16050
16040
16050
16039
16039
16059
16040
16060
16040
16040
16050
16040
16049
16049
16060
31899
16101
16040
16050
16040
16050
21280
16831
19817
16070
16009
16021
16009
16010
16009
16030
16030
16020
16010
16030
16030
16040
16010
16020
16010
16020
16020
16020
16019
16010
20959
16160
16050
19577
16090
19717
16090
19727
16080
16050
16040
16039
16030
16030
16009
16030
16040
16040
16020
16030
16040
16040
16039
16030
16039
16039
16030
16030
16040
34494
16211
16050
16050
16050
16030
19998
16090
16030
16050
19837
16250
16040
16050
16039
16040
16070
16040
16050
16050
16060
16050
19746
16060
16050
19416
16300
16040
16039
16029
16049
16030
16050
16050
16070
16050
16050
16049
16070
16050
16050
16050
16070
16060
16060
16060
16049
16060
16050
16060
16060
16060
16050
16059
16050
16060
16050
16050
16060
16050
28283
16110
16030
16050
16040
16050
16050
16050
16040
16050
16040
16049
16041
16049
16050
16050
19987
16100
16040
16040
16020
19757
16090
16060
16050
16050
16050
16050
16040
16040
16050
16050
16020
16050
16030
16020
16040
16040
16050
16050
16050
16039
16050
16040
16050
16030
16020
16050
16050
16050
16049
16060
16050
16020
16050
16030
16020
16050
16050
16040
36568
16180
16070
16050
16049
16041
16029
16039
16030
19727
16200
16050
16049
16040
16050
16040
16050
16040
16040
16039
16039
16039
16050
16040
16030
16040
16050
16040
16030
16039
16039
16040
16040
16030
16050
16030
16050
16050
16030
16029
16050
16050
16029
16030
16050
16040
16030
16040
16020
16040
16039
16030
16040
16009
16010
16040
16050
16050
16060
16040
16140
33652
16090
16030
16030
16030
16050
16040
16050
16040
16029
16030
16020
16030
16030
16020
16030
16030
16040
16020
16030
16030
16039
16020
16030
16040
16020
16040
16040
16030
16030
16050
16050
16020
16019
16040
16050
16040
16030
16030
16030
16040
16040
16039
16029
16030
16030
16050
16040
16020
16040
16030
16050
16040
16030
16029
16040
16030
16030
16040
16030
31419
16150
16030
16050
16049
16060
16050
16060
16050
16020
16050
16060
16039
16039
16059
16040
16040
16040
16050
16040
16060
16050
16039
16039
16050
16060
16040
16060
16040
16050
16040
16039
16041
16049
16040
16040
16050
16050
16040
16040
16040
16040
16049
16039
16050
16040
16050
16050
16040
16050
16039
16050
16040
16050
16040
16060
16050
16050
16040
16049
16039
32400
16080
16049
16039
16029
16030
16050
16030
16030
16040
16020
16040
16039
16030
16029
16030
16030
16020
16020
16050
16020
16040
16060
16039
16020
16049
16050
16040
16020
16030
16040
16030
16030
16039
16029
16030
16039
16040
16020
16040
16030
16040
16040
16040
16039
16030
16050
16040
16030
16030
16040
16040
16020
16039
16029
16039
16029
16030
16040
16030
16030
29355
16100
16020
16020
16020
16010
15999
16009
16000
15999
16010
16010
16020
16020
16009
16010
16010
16010
16020
16030
16020
16020
16020
16030
16010
16020
16030
16019
16010
16019
16039
16020
16020
16010
16040
16000
16020
16010
16000
16000
16030
16030
16009
16000
16020
16010
16010
16020
16020
16000
16020
16010
16010
16010
16010
16010
16010
16010
16010
16010
16020
32100
16090
16039
19286
16080
19066
16050
19005
16060
16250
16050
19877
16060
18754
16030
20348
16140
20168
16190
16030
16039
16030
16040
16020
16040
16040
16040
16040
16029
16030
16029
16020
16030
16050
16040
16030
16010
16030
16040
16029
16029
16030
16010
16030
16020
16010
16020
16030
16030
16040
16040
16030
16029
16019
16029
16029
16030
16020
16040
27351
16120
16050
16040
16020
16020
16030
16020
16020
16030
16040
16020
20067
16050
16049
16041
16019
16029
16010
16010
16020
16020
16030
16050
16040
16040
16020
16039
16039
16030
16030
16040
16020
16020
16030
16030
16030
16030
16029
16020
16039
16019
16029
16020
16040
16010
16040
16030
16040
16030
16030
16029
16030
16020
16030
16030
16030
16030
16020
16030
16020
36088
16150
16050
16060
16040
16029
16070
16060
16030
16030
16030
16060
16040
16040
16030
16040
16050
16040
16030
16040
16030
16030
16030
16030
16030
16029
16040
16030
16040
16050
16040
18625
16060
16050
16039
16050
16049
16050
16040
16040
16050
16040
16040
16050
16039
16050
16040
16040
16040
16040
16040
16040
16049
16050
16039
16040
16050
16050
16060
16040
32842
16160
16070
16060
16050
16080
16049
16039
16060
16050
16050
16060
16040
16370
16050
16040
16040
16049
16061
16049
16040
16050
16050
16040
16050
16040
16049
16061
16040
16050
16040
16060
16060
16050
16050
16049
16061
16040
16040
16050
16040
16040
16040
16040
16040
16050
16050
16060
16050
16050
16040
16050
16060
16039
16059
16030
16050
16070
16060
16050
16050
36538
16080
16070
16060
16050
16050
16030
16049
16061
16049
16050
16040
16050
16060
16030
16050
16039
16059
16030
16050
16050
16060
16050
16050
16039
16049
16049
16050
16050
16070
16030
16040
16030
16070
16059
16030
16040
16050
16030
16030
16040
16040
16040
16059
16059
16039
16030
16060
16060
16050
16050
16030
16040
16050
16029
16050
16030
16050
16050
16060
16039
34003
16100
16020
16050
16049
16039
16039
16040
16060
16050
16050
16060
16039
16041
16060
16050
16070
16050
16050
16050
16059
16059
16039
16030
16030
16050
16040
16040
16050
16050
16049
16039
16050
16040
16060
16040
16040
16060
16040
16050
16040
16040
16040
16040
16060
16050
16050
16050
16050
16049
16050
16040
16050
16050
16050
16040
16049
16039
16059
16040
33292
16160
16050
16049
16040
16060
16060
16060
16060
16060
16061
16049
16060
16370
16050
16060
16050
16060
16060
16050
16060
16070
16060
16060
16070
16060
16070
16069
16061
16060
16060
16070
16050
16060
16070
16061
16060
16070
16050
16060
16070
16050
16070
16060
16070
16060
16060
16060
16070
16059
16059
16070
16060
16060
16070
16060
16059
16059
16060
16050
16070
34604
16100
16020
16040
16040
16040
16050
16019
16039
16040
16040
16040
16050
16030
16030
16040
16150
16030
16020
16050
16060
16050
16049
16050
16050
16050
16050
16060
16040
16050
16019
16020
16050
16019
16040
16020
16050
16050
16050
16040
16040
16040
16019
16039
16050
16040
16040
16010
16050
16040
16070
16040
16041
16049
16030
16050
16060
16050
16040
16040
34504
16200
16090
16070
16059
16060
16060
16050
16060
16070
16060
16060
16070
16070
16060
16060
16070
16049
16061
16049
16050
16050
16050
16060
16060
16050
16059
16059
16050
16050
16050
16050
16060
16040
16040
16050
16050
16050
16040
16050
16060
16050
16060
16050
16040
16060
16050
16060
16070
16050
16059
16039
16049
16060
16060
16040
16050
16050
16040
16050
16059
33492
16110
16059
16039
16050
16040
16050
16040
16040
16050
16059
16039
16039
16370
16050
16070
16040
16040
16050
16050
16050
16040
16050
16050
16060
16060
16060
16050
16060
16040
16040
16059
16039
16030
16080
16060
16060
16050
16060
16050
16030
16050
16030
16040
16050
16070
16030
16049
16041
16060
16050
16030
16060
16040
16030
16040
16049
16070
16030
16030
16030
31479
16080
16030
16030
16040
16020
16020
16029
16050
16019
16009
16030
16040
16020
16020
16020
16050
16020
16020
16020
16020
16020
16019
16039
16019
16030
16020
16020
16020
16020
16020
16020
16030
16020
16020
16019
16019
16009
16009
16030
16029
16050
16020
16020
16030
16030
16030
16030
16020
16020
16029
16020
16030
16019
16009
16020
16020
16020
16020
16030
16040
35126
16080
16030
16040
16020
16020
16020
16019
16019
16019
16019
16020
16020
16020
16040
16020
16040
16020
16020
16020
16020
16020
16020
16019
16019
16030
16040
16030
16020
16020
16030
16040
16030
16040
16020
16020
16030
16019
16019
16029
16030
16020
16020
16020
16020
16020
16020
16040
16030
16019
16030
16039
16050
16030
16020
16020
16030
16040
16030
16040
31419
16170
16069
16030
16010
16039
16040
16050
16040
16010
16060
16030
16010
16020
16351
16020
16030
16030
16030
16030
16019
16029
16039
16030
16030
16040
16020
16040
16040
16040
16019
19055
16100
16020
16021
16019
16019
16019
16030
16030
16030
16020
16030
16020
16020
16020
16030
16049
16021
16029
16030
16020
16030
16020
16020
16020
16020
16030
16020
16020
16020
35756
16100
16019
16030
16010
16039
16030
16040
16040
16050
16040
16040
16040
16049
16050
16040
16060
16040
16050
16040
16040
16030
16039
16050
16040
16020
16050
16050
16040
16030
16040
16039
16039
16050
16049
16040
16030
16040
16040
16040
16040
16029
16050
16040
16040
16050
16040
16020
16010
16010
16040
16040
16030
16021
16039
16040
16020
16050
16030
16020
16230
39604
16090
16050
16029
16050
16040
16050
16050
16050
16050
16060
16040
16029
16039
16040
16040
16040
16050
16040
16040
16040
16039
16041
16040
16050
16050
16040
16040
16050
16040
16040
16039
16060
