107120
81943
64189
80560
250837
98744
48431
390146
48491
48530
64861
48491
46075
46025
110375
79537
46066
110756
45976
46046
45996
76693
60182
65302
75871
91630
123260
63769
46266
45946
105597
61024
80069
116307
93103
63287
115265
128890
205393
45916
89727
94796
72355
46006
142214
202526
153816
91640
60172
75921
46106
168604
98343
75280
46166
46156
46065
46177
168433
518825
95138
110796
46026
543292
59531
75090
60182
75741
198359
169496
77574
82784
120614
64480
65261
95138
106568
117089
60953
45776
85569
123019
74939
124142
46116
46066
135703
45965
63488
60262
206353
64480
135603
46186
67386
59310
78305
396108
79438
46086
161400
127267
176518
63548
151092
208087
138157
143086
60203
108522
46226
79989
242362
46076
139630
46106
45896
59831
60183
107280
152223
45816
184984
61464
65352
233094
45725
61595
73096
77714
147935
78436
79178
45776
111327
105216
116407
59822
45795
111298
45635
73206
45866
117168
46166
60142
125824
163585
105727
72655
72585
89908
265293
162202
79959
138558
45815
93845
256778
46537
205443
63418
60984
82584
166570
46066
174565
94135
135402
117900
88284
46086
74208
45915
46085
46065
73176
59291
61665
46116
138839
315517
205994
77545
62556
243212
46116
127217
113270
107219
165888
45876
79087
138738
309937
59852
45986
45945
103151
93334
78606
144839
46056
50975
80380
88205
63458
46046
46356
104885
104114
59361
128078
60873
74098
125414
45956
46046
91731
79187
253511
191226
165447
83505
59220
93354
148867
297253
76883
46076
127517
59330
95127
77695
74238
63519
46226
82814
171399
67666
46386
313253
103112
45996
76703
45986
204831
180116
78647
92492
46226
77765
91661
129361
116777
46076
59501
126776
46136
77474
180326
108301
88285
93213
77444
75761
46046
75872
137115
132106
45986
77675
79228
72385
208809
73968
62276
238233
45785
71523
91801
141433
46066
46246
45976
46075
60252
46015
150500
121436
79137
60092
118190
113482
185054
234506
109224
114723
94085
79468
63709
85489
129791
79118
61715
50735
92432
73247
92452
61725
104765
63367
98173
130583
92603
109774
46046
61765
46135
89326
130914
330285
92372
59210
200132
190163
153526
46296
62597
46016
76653
198890
65242
368787
73346
46085
59270
77524
149418
46326
135683
124101
64319
190995
82684
80881
46066
112299
103122
46116
104865
60052
158706
107280
76653
92662
72515
114002
59301
136203
62716
308715
117999
109143
116497
192889
119792
60252
46146
111478
46016
166811
46035
150239
46086
81011
127417
157283
184273
75170
82804
98223
95087
88264
130843
241499
72495
45895
62547
75781
88815
107360
79137
46056
61755
46266
62416
132467
60943
90779
92402
46126
108452
230419
159767
174234
178042
168734
65131
62476
127287
100267
90579
46086
61765
45966
68308
46166
46006
345443
80009
46016
65372
62687
76583
113311
62476
76492
168594
59431
104725
131444
91521
117919
60262
46156
74108
135853
46056
122769
82643
408199
46036
148857
46116
62537
77624
90869
46046
60893
93273
63559
45996
46056
74889
59320
113351
59941
46026
164396
46165
107229
190895
73297
89166
139530
234226
84027
60132
178122
78506
79097
79127
45976
224287
59982
45895
78155
69419
303725
96850
61003
65391
205533
62617
61765
92583
250396
46106
79117
74990
124592
46096
75060
75060
46086
63558
250096
110225
76703
62647
46196
65402
50484
46256
61163
124852
223647
126646
124101
46086
46016
146302
123780
92532
89977
85288
46206
133339
139149
147334
75029
80991
121366
108271
94266
80009
97742
127838
196896
46025
62446
198239
109805
46045
145340
59221
109353
96650
46206
92442
89897
65312
61895
45985
76812
129010
75881
46126
219107
46095
239325
126385
137787
73316
45995
182079
115435
141333
59351
46146
91711
75971
63558
77705
45986
46056
91029
46035
63618
125063
63768
270374
257689
243613
227904
61003
80910
46095
59320
108943
45916
46056
290811
187378
176909
151192
207646
46136
152744
93945
80179
91000
95007
46045
157924
128299
77484
107170
218447
151141
227844
63458
63398
149588
201025
128359
92462
85980
91650
83475
110887
124692
74118
68467
75981
137536
72505
149388
226922
67866
234065
53711
54321
228325
54361
78426
87342
74860
93905
120554
76652
211804
77444
96680
79518
114744
46146
64310
141353
105737
46086
63389
46115
62626
59200
45946
109864
99314
46206
46056
61855
190203
60763
159647
61134
60983
92473
146272
68167
46106
46125
102480
46155
59230
94236
64330
62657
64239
73206
78216
157473
339753
63629
46005
214078
93224
108893
46046
62607
248713
60302
59180
111618
46216
76513
46126
153516
72355
73357
111377
98934
117328
227583
138678
199381
92392
188641
62656
45965
90658
77655
103132
45936
46036
64410
59301
62416
46026
100117
62506
169545
135563
169626
62576
72615
81642
85970
64319
46066
292064
91901
155419
77394
74168
60142
60172
46015
45946
149599
94836
153475
172882
89677
127297
45906
63328
183351
60764
191466
92112
81532
64260
62396
174415
136034
77284
152794
171228
94325
45985
46136
59341
64390
133799
79287
46076
46146
136334
73306
185656
144479
65352
80009
96590
73366
223286
220090
71673
79398
171990
65432
46146
64260
214129
153726
45956
134210
59501
45966
65242
206264
105527
197758
119572
46025
73246
205242
148817
158565
100006
181037
46166
46056
60122
183672
46275
155459
72395
87342
93995
62447
89066
46006
90849
45976
61685
152053
158916
187769
123891
76733
136334
46006
46206
103061
70110
163034
45936
97672
223816
107269
90509
45996
46046
74238
163094
75991
60092
63218
75922
86040
78547
124672
75641
45685
59050
45725
231641
264742
150440
190314
94857
89817
46237
370519
60863
130343
188130
63277
92221
97392
90899
328572
89908
65221
202767
107971
51035
56104
91541
146553
126395
87282
131214
86942
85539
108933
69659
69058
91631
51887
104956
50744
70802
330094
92813
71302
149749
192177
101890
50374
73387
55002
58709
129301
51126
82995
106258
169255
176969
46056
46066
61775
162052
79218
98213
60883
78978
59200
83155
61114
122048
76642
74949
64330
156932
111628
87412
297614
105747
45976
46046
195855
64981
45765
78326
46116
90708
70801
45935
217855
46206
93374
46156
90007
72655
59331
45986
112389
46096
75861
429870
143928
112540
60934
113301
59321
130543
76422
113460
60172
60162
63578
62737
60833
106748
159306
77465
152193
77424
98794
61264
93384
130002
139039
110746
104064
46076
90749
90649
63528
84196
46116
65151
45865
45975
94335
107409
88184
152865
62386
95798
45945
80771
257089
46056
46156
46086
137336
116106
46145
88494
76904
139870
248783
46086
62536
46156
138758
60914
154838
60313
62576
87543
275993
81792
45945
59311
144008
115676
111397
383534
75952
94175
176478
95799
78426
60082
163084
333962
164726
79678
64250
233936
268840
46126
78385
98363
73276
74859
108923
46035
207777
59210
107330
124191
87573
59400
46066
127257
162222
171890
61014
107360
60182
68608
45996
59220
152083
45915
74979
60944
62466
46055
91440
45946
90628
99164
137857
154989
93254
62526
163734
128930
79929
45945
262588
109183
94115
45945
60993
95698
125553
118922
61755
88976
212756
331417
210803
60122
128920
59320
46096
205974
46176
240067
79228
124261
153216
189162
46166
273520
105597
116326
45926
275723
111547
197608
105596
61044
46086
122177
46136
94937
65402
46146
63418
59430
46056
109874
113171
191988
78496
80911
59280
79257
64540
77554
46156
134701
97402
89186
76613
230770
111798
45966
92302
126095
170347
199230
110796
79227
109854
91630
60243
61805
59391
95788
46095
76733
160999
45936
126596
94827
220090
46016
119673
64270
92432
162442
109283
80120
45995
126485
108913
113381
46296
76833
46026
122528
106888
89907
89888
77554
180065
88264
223636
59180
60833
166780
112499
106518
76633
80179
219378
95808
64620
203559
218617
123160
73527
97882
75030
62427
107069
158105
73467
64440
60893
111838
60953
217174
79408
46106
61745
160719
224127
110045
76503
59391
46046
105556
46085
46115
110505
95037
78236
62506
227273
46206
60923
99104
60783
102300
94356
60833
45895
315908
79438
46126
119783
76543
78326
110626
46116
145161
115986
46015
122438
46056
116837
46106
60092
88074
286062
113942
64480
143748
46046
125504
77504
118912
98313
79238
142155
45995
79177
113191
84677
46146
296491
71543
77494
173624
46036
88274
62466
123840
46216
245647
60302
238544
46006
91521
72515
45996
46016
108342
79237
60052
59261
186577
45995
88115
104815
81001
79969
129501
135201
114954
62476
79919
104033
68738
45946
45975
110505
80018
45965
45995
142816
60903
65272
120695
276314
98242
64149
76583
46196
195454
215321
59201
45996
46186
105707
93194
91600
63518
46036
89216
239125
46015
61775
89005
46075
130022
74990
63518
46025
59311
91490
46016
76002
178723
74028
76633
204441
59902
46046
61724
77384
46026
62547
170197
107620
108152
60022
63588
167953
91621
78516
46157
46086
112609
92482
144679
80009
187639
75791
80170
126405
184504
193741
59290
63328
74950
65061
62516
81662
76673
46025
92352
45925
60843
61675
86972
114433
91600
59992
161752
77634
94957
86672
90048
62546
46016
110305
46166
45926
204911
45995
108211
159627
45965
95869
59200
121286
100997
45996
75781
46126
46106
59451
62607
192749
137175
169716
148075
122808
75710
110115
60833
46075
46015
151202
103152
62446
135242
84457
62777
46145
80860
162282
96750
75961
64430
60222
75060
46136
97462
101028
62787
91561
142886
104605
104795
45855
92943
45915
45946
216914
96279
59501
192178
45945
46176
192899
207857
46056
46025
46006
83275
60222
61785
65271
46026
110556
158054
114052
109214
64229
76542
161821
164677
187930
181167
82714
125704
112399
92933
225230
45905
118040
75712
373785
122738
70722
108933
252490
348680
45855
46066
80230
93694
46146
124592
62526
60844
132016
45996
150590
94747
61665
105507
45885
188391
59481
101479
77585
46136
112981
161170
88355
241489
95678
46006
45956
141373
64209
64350
144559
83475
60843
46016
45926
76553
77785
77013
114964
115154
59301
91019
60012
297194
79418
241279
46076
191216
124733
119723
106238
45936
59962
202637
181177
46116
45985
46206
45935
46085
60102
46116
59240
73436
63569
146122
125273
79347
136914
119643
64370
70852
178913
186757
64149
91370
76122
78426
75922
113641
75019
59180
128179
230759
46165
172751
134159
216883
59170
94767
170367
121676
110946
94175
46066
46116
98263
73938
45956
112479
141573
62576
65302
132106
46046
70271
124973
46176
45926
60242
119181
297384
161661
185625
102241
60883
138698
46016
145621
45916
59150
99064
61795
163304
60413
210101
46076
156431
73537
79478
59190
77514
95809
215310
79478
65241
147534
79237
46066
62527
138868
65221
235899
46246
116597
46096
125093
159107
91771
73367
46146
112519
126655
79508
46116
60062
62827
46036
120705
73357
292855
122208
62577
127587
152353
46146
63549
122177
107520
45855
60893
96630
59321
222865
46106
106508
123219
126465
215271
60944
78556
88966
59882
350061
46195
93133
65421
45975
65452
78637
88164
146673
210241
62697
59241
45945
46035
63378
212385
166009
62596
75821
59490
87503
46116
74980
46175
259944
91771
90138
79308
131585
60272
209731
46016
60823
93113
62456
45965
49552
95808
45886
119623
60813
140581
97812
46056
206143
103342
46336
46076
46116
80250
46046
46126
128018
214660
129090
123089
123831
45965
108922
270494
97562
173904
76683
81892
89146
89076
306651
46156
415323
144979
159086
112450
89807
118391
60232
142956
88434
153847
80159
264993
62566
46135
198209
76903
61806
169064
144819
220280
45925
45965
100938
173754
46086
128129
120875
154608
163024
80229
92443
59350
156110
186808
45966
45986
94987
128229
46026
154367
126295
123570
152334
202667
62676
103262
74258
79417
79298
46096
220981
129812
120664
59270
46217
91670
109954
103462
61764
64369
46135
60202
101619
76733
46005
79999
122167
76643
150491
120364
62486
89938
105677
181728
95017
93554
60192
62706
46135
91701
96740
46176
46166
93244
60182
93805
78366
153946
46006
170488
92231
122117
61645
65262
88214
152984
123200
46046
45956
89817
64390
46016
94837
75721
46046
107340
88295
156221
46176
124622
75139
59381
80110
147935
93434
106538
191236
176709
89287
64410
46046
60893
63358
88294
109013
46157
79558
46016
46106
152424
184393
136374
60853
45916
78316
46045
45955
107189
79097
121416
68578
117950
46026
128990
60994
61685
204521
135332
78296
163114
109925
275573
103994
110436
46055
157302
398812
78286
75952
104825
91000
45956
46246
45986
45976
215060
95768
101819
153856
64219
75651
45915
45996
45845
59201
140662
154398
79948
61474
62546
172822
138347
59470
77674
46065
60843
138778
46146
145631
74980
117990
185235
80941
93113
89065
76542
180737
89477
144278
96890
60944
95037
136464
59271
75010
80109
45996
117890
110876
46366
73256
46005
46166
46146
81021
153696
46056
59331
61604
45965
157303
122938
59220
103413
46116
94195
63418
154628
46056
67045
158014
78286
67646
46005
92442
46216
46046
45996
110666
187148
113882
45846
94155
79108
108772
93465
76612
79989
183561
136754
80319
46126
135162
60242
63489
46026
94436
80791
108131
167422
61685
129040
186957
46055
45986
103993
79227
167873
46116
121546
50343
76723
118139
62657
95868
204922
62586
46055
102330
46036
45915
45936
61023
45945
63529
60964
75791
86621
109094
162582
46116
119012
76722
100647
93284
61795
46197
100126
46186
93445
46055
79117
213618
91571
78466
63328
88174
64279
118871
61865
45955
63498
254343
61835
46146
73437
46136
59380
74108
243824
76843
45976
135903
142545
107410
79228
61023
109854
46166
196966
94926
88334
184624
74359
126545
116116
63428
152174
158826
76582
310709
121436
46035
123239
59270
46126
76562
93223
63499
99254
128619
46046
45975
155430
75771
45996
76653
45935
62536
375740
122438
46056
155500
186347
60803
77635
196045
63689
125684
45986
658666
106438
45915
321870
46096
74469
79258
144058
94957
140692
94947
148607
76733
180857
142145
100627
76563
78607
99976
45946
72515
100637
109023
221092
139640
123991
82043
74178
78577
156000
77655
125384
109894
166129
93164
86731
65272
121316
129522
114453
46056
253502
108242
46005
46166
121666
140772
179263
64380
108081
107280
46016
46026
74218
60082
59300
293737
85409
77645
95097
62005
167622
129051
124542
125844
82524
91260
61766
132987
109003
169345
45916
46036
110575
60072
110626
217826
79257
46186
46256
78456
104825
46136
119973
187028
63358
80921
61705
315217
159567
45946
135793
64310
45996
46096
77514
174815
105887
60172
46016
88104
61665
75891
95187
187619
94145
78406
145722
123930
64500
161621
140672
373505
166099
62787
45906
199231
61695
125564
45976
251348
61003
83776
46126
61855
94395
46016
73326
75010
77635
46186
60262
103943
104074
64340
102341
86271
64369
123089
143036
46106
63418
77785
123119
117939
96780
46166
162102
46076
45986
103883
136114
124662
61635
108803
62466
46015
62556
46236
108613
45966
61905
45876
61023
297454
63378
112540
113521
251278
173243
88114
194582
254554
61855
184223
75070
46076
63398
97531
111497
97722
45906
78386
75761
46137
135001
192078
61995
80350
79909
89827
49392
46046
165167
62437
45855
80089
45905
191547
45956
78146
45946
72484
121446
64200
191767
186026
124332
92543
64430
46226
60744
82844
128269
46166
46237
127387
95157
218026
59331
90669
220140
103012
65212
95678
60853
265424
91661
135502
46086
75160
60202
46106
212455
217324
109003
78557
125483
45955
185445
45956
46035
197668
92502
46096
102991
60904
64410
190214
46217
46176
45986
46246
45946
202677
46015
45985
95197
148556
124762
81602
96550
272036
60823
45836
59981
95758
82874
93233
248101
117198
108031
178092
59200
313684
117158
46076
46056
45966
62446
75020
97421
46025
74849
127287
173102
46156
126546
45935
80089
61905
59200
218106
143067
117168
105597
130703
60091
100176
171379
59501
100106
108061
73296
46016
298245
112409
92512
45995
91620
61034
46116
60222
79939
65321
126004
62597
46036
92362
151201
92502
64240
77374
45966
156581
78255
45885
96911
80229
59390
60252
123059
240187
45986
89086
108331
90018
111087
75781
60824
60162
159657
93043
63438
76692
46086
46026
127207
79138
120564
61093
145520
91430
59421
153155
61815
76632
75861
77364
62447
46115
93284
151342
145621
146152
60914
59230
46006
46036
45946
94195
62516
45946
101729
63468
244705
76623
46136
111558
61785
46036
46016
108922
104104
144379
61885
62427
46156
130052
142005
59250
96509
45966
75010
46166
62517
116897
46065
45965
184282
292985
65252
77334
97672
60913
167181
174484
109944
166410
45995
81091
93344
63718
188600
75881
90639
245427
109835
93103
45936
136895
60042
77344
119433
65412
46206
162191
46126
77444
97552
46136
93133
129250
113511
140401
206133
110886
46066
108863
65241
62536
75821
127287
60833
79828
210261
46126
77495
45916
45945
78395
173362
46095
64430
46086
46116
103052
128219
45925
340554
59330
291542
157493
46346
72546
89877
46026
45986
46146
109053
63579
73397
170377
76663
77495
66854
91750
76562
93064
46026
77384
62517
79898
160969
77435
79227
60102
181488
89937
75822
64470
45936
47218
61544
76683
60813
80871
74088
326658
60122
46026
152715
97802
45966
138738
46076
60112
88394
157863
46086
75851
102170
59902
59972
273609
144559
99155
90458
63718
91721
60934
45936
314225
59350
122899
80900
62506
118400
130042
61605
45946
95838
75641
98824
45985
151862
94906
60874
119733
256427
169836
46116
213057
98353
91821
46015
165839
95818
144649
45905
45866
45955
46056
45885
73327
45955
45945
107400
46025
45905
168524
45986
422757
77625
170097
210953
74158
113211
220060
46186
63428
109704
60843
103783
74859
137736
205863
62717
63478
198279
94126
46025
138688
81732
178091
76523
89016
62446
96439
79098
220911
45976
138027
115856
91981
92452
60002
96660
76693
45815
67856
166701
349901
120755
167672
92352
46076
46236
62627
77695
46106
107340
76763
84838
93244
77505
61835
45936
124822
74129
114112
46005
143698
45945
45915
145110
45976
46106
75681
109073
121226
158465
61073
45956
157794
45976
84357
83666
45916
89807
78978
82824
126415
80750
132477
60082
64390
46056
286804
63469
116126
60042
46166
96549
46206
99394
124812
117859
69670
75681
202667
59150
79899
97492
60763
88114
61755
107831
46026
45896
84147
46296
143887
123029
104043
46196
92472
91591
46056
117459
45895
131304
95248
111317
112169
129011
167932
62516
95037
62457
60182
171269
62396
46236
60102
61655
94877
217324
45995
123851
135412
65803
61154
368265
197658
59952
78286
46096
95848
141634
62516
165499
60883
60763
64299
90579
45985
73347
179144
46076
100677
192038
46076
60082
104785
46135
169506
162092
89106
92302
136253
62487
62556
45935
60142
46195
104104
64299
93304
46055
46156
100026
46046
45926
134581
102410
45835
63368
282646
46046
137055
46066
103933
76512
77224
405455
143086
80971
182660
46016
45915
65612
74860
114854
79137
97601
88205
108221
104083
123049
45955
154617
46126
64360
109664
125664
231290
95829
45926
79868
92392
266416
79478
90799
128249
60984
113341
110466
76833
62015
78636
126796
172661
95718
45976
62526
64409
123750
45956
62597
65141
61634
46035
85209
46036
78496
46227
89777
61625
120464
111577
180966
80129
54962
144048
89878
63438
84948
106167
123640
46046
111538
45975
173503
157002
90849
152704
46076
81641
94806
222935
144560
78436
91881
46056
135421
96840
128239
100167
76733
173573
78576
110004
61144
118841
256288
112359
65222
45895
60993
59300
215892
46266
46146
127297
74118
125564
46116
118250
46106
74910
61845
60132
46117
182970
194502
45955
107289
121265
99144
230640
60943
79748
94927
61765
46126
132166
195474
46126
80820
45825
45976
200253
129661
171930
97812
109875
59241
134610
46066
189353
104705
100837
80980
80860
45966
108191
46146
45955
158035
147184
93424
61364
94375
172882
263891
49633
122348
59992
77504
62707
45876
385778
46106
59231
46076
76753
46086
111478
60883
61645
93985
98223
64370
90007
61766
142194
75009
72566
140481
156291
46105
74919
230048
95758
108873
105396
76622
89757
76412
78366
107991
110616
277306
46015
60052
91521
140562
46046
90779
111688
206715
109254
187529
59160
59961
98443
45926
109854
89135
45985
59952
111207
138638
132166
60232
380489
46066
59120
60282
187148
325606
204240
45856
119693
75761
233424
183552
63568
112139
110516
169105
46066
60142
168253
45936
108992
231531
112480
45965
144578
186266
305168
45956
94796
108862
68788
196395
46096
139038
158565
105587
46096
45795
98954
78426
288918
206905
99625
46105
46065
76603
74920
46066
92342
113071
45956
125554
62536
46035
353048
92472
60032
46046
106458
206555
124863
196586
46236
76693
113291
45945
46106
129702
76683
123009
93264
64360
46136
133539
45946
45996
109854
128910
93213
77304
112429
65161
110746
46086
63518
131084
46266
74308
236660
93193
75260
105476
108121
60132
60202
101509
45956
45906
45926
46006
106398
74950
178231
60973
128850
45966
226792
46116
62536
60974
107410
127447
79287
92361
65351
110035
140732
45985
99044
45876
109053
135773
74819
45965
108251
209731
95768
60062
92782
263420
79288
170036
133709
46076
46176
45815
65071
61685
82383
108031
45935
127277
45945
79257
45936
194923
45966
108251
45955
63369
118590
109183
61054
90950
82754
59240
59231
226191
74138
83605
96991
62597
92272
77364
127187
190174
59220
77534
46015
74749
46135
125844
113411
60863
46166
98413
78275
46086
176969
46066
77475
257629
46156
46096
63288
79338
59190
64260
148627
46056
59140
90629
77404
80870
45965
65102
61023
61685
130543
95969
45956
153656
89727
162232
45886
238384
109875
46015
133298
46066
216964
409973
108291
45975
119513
45875
76602
186847
78375
45965
60893
184223
46296
240087
131865
59240
142485
128259
62666
80069
95577
77344
187319
132897
45935
171710
45946
154468
45945
137385
72605
118871
95879
116818
167882
46186
46106
52638
61044
46096
45946
60863
86521
161230
145491
60863
45895
61634
120734
171319
255756
166330
217715
59180
112299
106378
88244
94045
103983
94195
60863
109694
46045
45966
46036
232483
374096
83755
270573
45985
109975
83516
112149
98193
60022
45986
119853
153555
135692
46116
125584
74107
138628
96560
79969
109935
142425
45926
60773
110646
177730
133799
77384
45925
46006
45986
75711
70942
65412
45856
108171
92412
411987
83556
46016
77534
77014
108081
46016
46036
98283
46126
94907
45956
46046
45916
136434
61765
45926
194352
73747
129000
59190
154608
66804
228756
61665
64190
125113
96570
45976
64340
59340
63277
118090
122227
60273
46096
59270
45986
386309
170477
45936
45895
60051
61675
170337
208508
73948
80040
60102
46075
46146
46106
168834
81803
64370
60843
79989
46186
197708
46287
86621
82544
46036
237312
158575
78416
135492
45945
66624
78686
332659
169426
59350
123220
65332
45965
179304
316158
288256
65172
108131
124010
147465
89066
62306
234767
105536
179314
94967
144699
109854
77304
91480
153666
127147
45995
102811
94065
45875
330285
75020
45936
45966
230479
79137
63369
77474
238494
105637
46016
60152
76423
223456
186147
74799
46106
62407
103893
262539
46116
60834
135041
105617
45906
207977
79418
210923
46016
110917
46006
103973
96068
45915
59230
45935
132045
46005
81682
106378
106669
60052
75711
45926
45895
45955
74078
45916
76523
93885
240999
46286
79118
45945
46125
46216
246579
45996
72475
59281
60262
152143
169555
45895
103994
185946
237411
63367
93283
109924
85268
95037
45995
158725
63428
138698
119793
125624
97432
115124
105727
127276
75651
45985
164235
73196
75651
106308
108051
162843
129872
110586
46056
62496
59420
91470
160218
208317
61594
66534
46015
46016
46125
79788
75862
74138
97582
46076
108963
120585
74989
75770
174314
78456
137065
45996
64230
45926
62726
45935
119462
45976
166370
75871
323543
60743
243824
239466
63258
69109
84698
60873
59330
107330
112409
72655
95047
78266
62557
123139
59330
251538
46126
45976
212806
77514
45985
45886
46026
111137
45946
94716
95929
124773
121786
146523
46226
175326
45885
113391
45886
209260
62496
63297
106598
45966
45895
79177
90518
107280
92242
62396
102390
66294
172761
65101
90419
94035
112990
105556
61655
108763
45906
115465
324815
79438
117328
46257
293666
75109
46116
64259
273910
183401
119141
91601
45856
209911
282766
46106
45945
77545
46116
108993
60833
282055
46016
113070
45936
90599
59290
46005
46015
96569
45986
156832
243443
60763
171379
82764
63598
72695
62637
78456
60202
45905
108051
45995
200654
73477
226592
46046
64440
46076
59360
46126
119683
109774
46166
83576
61645
139890
138648
59260
102622
45985
220650
201515
95768
325796
63569
97692
117078
200423
80881
75050
116687
74699
77294
136624
59119
45915
98343
105546
45956
76563
46026
135572
90098
64450
369277
92592
51446
70060
175426
115726
73687
45925
120184
51075
355362
55444
182920
238695
55564
83165
191316
120464
46036
74158
101458
60132
60232
63579
78566
62607
62597
63368
91510
45905
120555
45885
45965
75740
109714
92162
45875
97250
160649
137867
230108
94616
81752
46076
75661
188852
195614
95788
66965
50534
88685
148336
51516
151031
50845
45996
133749
76693
114173
114012
377293
74188
61705
155370
114874
59180
46106
59261
136183
91350
46106
109113
175407
114403
76002
77565
46055
95838
108863
140502
46016
46016
242611
77534
85740
99305
45986
88304
46177
46026
103322
94226
59200
60212
78405
60102
142926
70902
76602
107400
62436
120464
127217
45935
45966
308655
110054
77684
152133
59411
80189
59371
79699
64510
103282
89035
80990
59170
119512
75751
218256
122978
170036
95859
79899
45996
72395
67686
374417
79076
77424
90598
45936
169546
45865
99044
104926
74859
204952
152724
104624
45945
282205
212255
59201
97301
45916
45936
81782
142195
192248
224869
59340
323762
108162
90769
89056
60102
59171
128680
60813
59110
76523
77244
75771
78446
45915
45865
61625
45916
78416
89777
94797
197167
90789
46076
94046
46096
60072
157143
91480
46296
46005
98343
173663
46036
45976
59230
79167
251338
110526
78256
99014
59991
97711
74969
110085
61985
76803
45956
45966
255105
167812
118200
65081
46015
45876
61745
112349
98824
96499
59991
45886
45986
45976
136214
45935
187469
45925
297584
75781
60042
148396
136975
60163
168333
72595
45885
114312
94046
171800
60773
83475
173593
59320
139069
136494
96720
59961
109183
89396
63388
45965
111547
149850
122688
151582
77344
223686
74068
110866
108061
75620
280783
87594
45985
107179
136945
45915
46166
98403
64470
99946
79027
74308
64369
59541
46186
45995
86561
94255
46296
46036
110105
95739
110876
78617
70311
46196
159627
193991
81702
45906
78296
75751
75781
92453
158926
112359
75841
124151
45886
198369
162042
123780
280151
46045
157072
137316
78336
132767
87373
45906
107320
59421
61915
46095
98433
104986
92222
75821
78226
61775
46116
59371
74138
45986
60843
45935
69540
79158
59370
59321
62366
92543
45986
131374
60894
114924
76443
244826
59260
46005
108222
146002
60993
270524
46036
153877
62596
91500
141474
89136
45946
45975
62507
121516
76622
148667
138088
166099
46006
74849
60242
45935
99174
59240
104675
45966
78356
79989
221453
62787
61845
46076
174655
108181
78486
75831
180516
60192
46106
197437
119812
59250
59972
61585
45865
129110
45956
59871
108251
323342
74077
110055
122248
46086
61674
89847
46106
92583
59160
45976
160940
97552
79288
46025
401487
91520
45925
61806
45985
85729
59921
65352
46316
114974
46286
311640
105948
136514
121106
61945
46005
124733
45956
76472
74108
98373
174254
46015
253833
94897
74939
114132
46145
90728
46095
111567
60081
91570
78386
277827
61625
74999
59110
149238
46036
80029
121106
78366
103042
99305
46156
126366
92372
121426
175537
77264
176679
78536
171299
73246
185295
88234
77314
45995
94256
112449
75049
102991
45976
111939
184233
79969
233154
75810
230669
60011
237522
223306
45865
60012
105376
100817
64289
45926
61625
116777
125734
118080
351544
93945
162061
108872
96319
46156
59311
142365
111518
59310
46115
80980
92362
298065
217004
74028
92372
45936
133529
140221
102971
112509
102972
61014
155219
60844
172731
97562
59370
109043
270413
102230
59101
45966
65161
121376
62417
114022
46026
61675
46026
154167
75791
71052
107580
103883
95919
46066
95147
88124
238854
108132
81412
168574
59992
64210
486876
59300
76592
45955
73197
60182
46056
74990
46066
65261
130482
77514
97321
107390
46005
46036
45895
61665
138407
213338
114122
75882
60994
156972
86541
79998
206364
95107
46046
59110
109684
45965
64209
93193
125354
45845
46036
104806
45855
101829
134721
77354
224298
88104
66644
59330
45965
155490
127968
178462
127056
78375
45925
46177
315697
222995
46056
45955
63338
45946
114012
45956
93143
46016
88173
93053
78987
77413
118991
156371
76562
159717
45876
60933
59171
203589
46036
89847
132858
46026
102922
45835
45926
45976
108131
150389
93914
45935
89857
46136
149829
77625
45986
61605
63448
138548
63549
65282
506052
79648
60032
46185
195063
164356
46066
45996
45976
61675
60863
60782
79718
77435
77724
110606
276595
159256
125844
64490
170177
64259
46115
132466
80901
45916
172661
94987
60031
89887
46056
113522
176739
127347
109073
59390
109043
135633
45886
137025
89397
61043
62596
131454
121256
165788
94917
108953
62396
123179
109795
46276
64250
298787
115795
125524
62426
46075
121416
151192
46036
88194
176939
91600
77464
129000
132757
114192
69108
130183
46035
81742
120234
45946
93083
103062
74248
134881
181147
46076
110586
253412
108262
268159
46016
89126
292835
79418
46006
95678
212195
61695
148536
45935
46106
152093
60222
75711
123860
186047
204230
45946
236390
154137
78146
121667
159857
46065
109073
63468
162181
155148
130102
93184
45965
140442
46016
74829
87362
322100
94947
76482
185505
77564
75911
91560
45996
45966
84477
46056
201144
62106
160659
63428
125483
395837
46005
161741
147835
148106
46126
146523
77354
102951
63307
61704
144799
172251
150270
63328
46086
45875
46126
340093
138258
62477
78296
45875
45976
187880
79147
170287
46126
46066
147915
183732
46166
93374
171159
125774
93384
46146
76632
192659
92422
190033
148516
79198
46076
122047
89868
86351
159597
76663
229547
60913
148827
91411
45965
45895
45836
60893
60112
193400
92592
190284
389114
102431
308875
103082
75741
63398
110716
92422
45896
78306
45975
156571
176297
462731
63439
95007
45956
64369
93995
434819
60282
46005
45936
93945
94927
60002
109594
84538
137937
108212
46105
45985
46156
80079
46086
46196
108873
153857
92342
45986
297544
75070
45996
95858
78336
94135
46026
62646
62436
45996
45956
137436
46076
117078
78537
88364
59170
256077
122077
74779
45995
70342
46186
123169
123230
120735
63478
108191
46186
109704
46036
76763
46076
108412
120735
64300
59180
470345
59901
45825
46126
46075
119713
79067
60022
46036
258742
50704
75060
121517
61795
76643
64340
108171
45885
64349
154568
162101
79038
79958
87402
77394
244826
46036
62366
63458
219989
45945
45896
80149
227664
91180
89487
127377
45916
115675
64350
89817
90539
76553
45855
60082
60012
64320
318644
93223
130092
46056
45966
60092
45986
152714
186177
78566
64510
60903
160077
45925
110596
129781
73236
81732
45906
61675
45946
197397
46045
111438
193841
60032
76623
78406
45976
46086
81552
59150
184293
46196
104675
103112
78978
45925
109895
61665
163344
105556
127317
45965
74208
118841
87453
120695
139650
107460
59400
456429
78376
157112
62537
105657
154628
76643
45905
64019
62516
46156
90889
184153
62777
189663
75019
172831
109744
108282
64290
86541
45926
94937
175276
46016
45956
78396
45976
108923
154979
61094
93855
65341
141062
46035
65222
59962
46206
75100
125043
45856
75681
72625
140332
80981
115845
45995
77434
78416
279831
64300
109554
61744
160518
46015
45975
149458
98263
74028
266175
103492
91700
88244
45966
63438
79308
132397
75891
72505
65292
252721
196325
77474
123831
61775
99185
60843
212335
45986
116356
46066
46366
205071
303044
46005
87343
77525
45965
59390
67617
87593
60142
45986
88455
46066
64350
62456
46036
89116
45996
159818
92252
123280
45915
92201
94296
45885
45915
60042
89737
81602
126596
59350
162412
45996
118360
46055
46035
46025
59301
64420
150280
159677
46015
78516
148677
163835
46106
61014
81682
82463
60793
117208
248142
60052
201175
79047
62477
253351
123900
105426
84317
213147
230860
113461
92392
109714
65232
46096
45956
156341
46106
46006
102822
46186
166570
60181
80760
60964
119492
60042
45995
60814
45996
75621
46046
135572
119783
103121
152253
165408
125543
45986
59331
50043
60041
221853
61164
45916
96780
132387
77364
154307
65301
90800
64500
122468
136314
120394
93964
45985
89767
93564
159427
108021
45975
282606
45996
46206
46096
59461
62566
65301
59571
123069
46086
89086
62537
90608
76752
61584
59050
46036
45885
158585
156000
158606
62526
78205
185646
119523
45825
124652
90028
65321
45955
125514
75701
61644
165058
45896
46076
78566
64250
96560
118801
46065
180285
46026
78376
166150
61845
274121
101349
79979
59090
74238
77435
174635
186657
215782
46266
77524
154547
46065
147274
77595
241229
92763
83575
46025
61795
46146
95087
46066
59411
46116
46056
325947
62476
46096
171389
62546
368446
126275
45825
411004
46106
199692
124822
141193
74259
157273
106448
60884
197868
101650
177100
88284
217695
173793
127216
204090
106448
79879
45986
155359
252089
59240
59961
81763
45955
59280
195374
94837
89737
127277
184273
59410
46136
137336
152564
74979
89197
115745
79238
119222
190335
107200
104604
46176
138288
80129
77344
46016
271766
59321
79167
215922
74308
90768
91760
215761
96540
81011
63378
45945
45855
89878
123059
45966
46036
77464
92382
106519
61805
118731
65421
94115
45936
108381
46156
46036
46046
46076
75751
78176
78566
218647
61805
94115
64169
89787
46136
96690
92382
106579
77414
337027
108932
46085
258461
45966
95668
45966
60072
91531
45955
62447
161611
46076
45996
46006
77745
91550
77344
172180
45956
86572
60192
46206
109774
61565
46085
79959
46006
87523
213387
46106
59251
45905
121336
45905
155630
79358
126275
46086
60292
79979
46046
305018
45976
59230
226341
66434
59300
143067
203168
80038
177781
46066
45915
98824
60112
77634
62706
74308
64400
77504
76713
127918
120645
46026
192388
161511
78326
187429
62507
45836
77444
235939
177511
197327
119662
75831
61715
105727
46016
74950
218707
116517
60042
165899
45875
316689
59941
92983
73257
96910
65402
80901
45986
95037
46046
45916
126165
138969
127177
255796
118932
61514
124581
159517
73978
110495
45805
139560
293076
96520
45886
63368
121306
45866
45845
77264
80851
206875
99766
46006
162813
60763
122959
46016
62486
108052
158705
45806
46006
59190
218507
64330
79779
137646
77484
56716
45936
45835
161311
181909
130563
45966
370880
91550
250937
46326
80871
93183
89797
45916
90608
62516
219038
60893
45935
46035
89026
139891
46046
148617
62536
45985
151211
120665
120795
88795
46015
45985
45995
74719
253522
93093
200553
77414
59170
114894
254483
138047
45875
181247
46046
137977
60934
46096
59150
139730
116296
93314
205813
164175
45836
109824
104604
180005
178101
183962
104735
212044
45965
94084
126445
110576
46045
122178
77394
60713
45885
72324
64180
172601
214188
45856
81732
65362
129662
60052
95127
45966
89887
91610
86592
123169
64180
76532
86130
63418
60683
110556
178512
135272
122889
45866
45795
74729
82513
92602
75841
94075
65151
87262
79098
45845
45976
291884
122268
152113
46016
74809
45915
109755
79037
64250
59060
133569
89757
45816
59040
137777
59421
79197
95658
161220
134270
109454
79158
111457
151061
203739
74860
91460
205903
45966
89847
73918
131335
81963
176468
60753
175236
64160
106298
74779
108822
231892
61846
155088
45995
45866
109845
182099
116497
59130
75711
165598
46066
65041
92341
60222
109874
63267
79037
64169
63268
124472
93023
115074
46065
46045
107991
65081
45846
61545
160508
138588
45875
95838
80901
361974
158635
59350
153706
99896
46005
46085
46005
84307
75771
207587
122187
62026
146683
106428
183181
45896
234987
46145
45955
45946
109725
195323
129912
45895
123250
77053
126215
78135
93124
45785
60913
104685
45855
123750
45945
77354
64149
45756
77093
111017
78196
45866
45925
155459
109654
45845
46106
107089
129751
61654
102171
79267
223366
61504
96600
45855
93985
179635
65031
213458
204551
45925
62706
45955
74118
206855
45885
111458
46066
160158
181197
157583
65181
226692
60744
59110
78055
77704
79267
45995
278809
61694
149928
89066
104043
91861
141413
207377
61665
59931
59099
45895
106327
96660
45865
76613
93134
45875
132346
61725
45886
136043
45885
269952
74028
86772
45925
46065
204019
161171
45735
45735
80751
185045
65051
45895
74048
143196
144248
46146
63297
126455
137005
45965
46076
62607
122428
63308
159937
95939
60854
138868
79338
45926
87413
79288
171048
46055
104806
172731
46066
65141
185776
59922
108802
236079
45866
163414
67165
46416
46517
104744
46336
64911
46317
125694
155700
93925
62036
60923
59752
85238
95888
115454
150029
165128
168504
107931
114924
95257
77324
46306
63929
228796
79738
131766
123169
115935
187419
241820
93955
180396
177240
46146
46377
64700
83084
63448
75631
468392
97391
74979
95678
130392
111638
141303
59852
161751
107531
89797
199161
104635
159818
62406
46016
188691
187540
122949
46006
45885
45865
116637
59230
96940
89847
45916
63478
200123
46096
45916
45925
92312
200563
45995
45936
62456
79918
63258
74769
76482
45965
120505
72284
59991
96539
59971
92542
253482
46106
81903
62446
219820
64259
60853
123119
92412
142325
127367
74208
103853
77264
60844
317601
101680
46136
229137
111487
45946
110706
60914
65071
106488
45915
80059
82914
80860
123219
62366
141302
123730
136204
120344
89847
62506
116527
62506
59220
45825
187729
150540
79318
189403
61494
193480
46096
112249
59241
45815
420292
167922
86370
60953
82433
78466
146131
276585
110806
105476
46026
83135
61685
152554
185225
45956
122929
45886
77534
93084
59941
74859
202497
46145
46136
60783
171239
146333
64460
62396
46106
239186
183892
75670
101739
74920
93163
45855
77244
45906
128178
45795
68578
188311
61605
92332
121506
46065
60893
95858
60743
220981
127687
122828
64210
63418
112359
59150
45936
45855
115946
124672
121035
112759
159757
109283
61014
45936
45965
77644
90890
115665
60964
103042
269843
60062
88064
61585
79237
198689
46035
60803
45945
118581
63648
90819
116657
175307
80229
46146
77714
60944
87653
164446
87062
60934
45965
45975
133748
98343
169846
122218
76813
88956
210652
46226
62616
64460
91771
87363
46106
46166
106759
240418
46096
174645
91651
122498
63458
187359
46236
46026
46086
174004
138729
46066
46035
73296
62476
90909
189993
133218
197627
199922
243573
163284
96770
75060
204351
46045
136534
214199
60913
46116
62476
45986
93194
191206
136294
46006
157834
45906
74839
77364
105436
108783
65191
301320
171078
46346
79127
72775
167412
91571
132016
91690
60242
45996
89947
95287
46066
45886
124612
115054
94757
46046
77675
93213
161330
172321
46186
80811
166229
59420
201505
59290
59330
121506
100898
240918
62085
131685
46036
46106
205503
75039
137876
99986
151883
46076
174735
129872
205973
129130
163554
74018
59221
106578
46085
45985
93234
80049
63347
156421
46066
46116
83666
46066
178232
46126
76823
61985
46136
75119
115235
76723
64831
79087
45875
109002
75070
70270
64439
152864
130022
45945
134741
107650
209921
90960
98584
75791
141614
46076
76753
46026
46006
251127
45875
119593
157653
46176
272507
127288
169675
73997
108832
46005
114112
65192
65322
250506
65152
61755
60132
46036
108062
46085
45955
78426
119001
173663
91521
46246
61775
46055
46016
75019
45906
63468
266346
74238
154487
142254
485744
109985
46176
78166
46176
127397
153586
59280
64500
93393
77544
144879
245307
121647
78376
59260
143917
46075
182399
45895
92342
45995
233455
79358
46076
75230
95076
75911
45936
61935
129009
79027
76643
46056
46176
61835
88404
75871
133929
92472
46166
139730
46155
108322
46036
101549
123750
75060
75150
46045
108201
436152
45926
188060
152183
112569
45986
61804
64500
171449
147564
59401
91671
46056
98042
60132
45956
90769
61915
46065
247741
106498
61865
46216
200042
46015
59340
45936
46046
90759
144810
108081
91601
106228
61735
62607
101920
65422
291232
46065
104726
46196
174465
123309
61604
46015
66994
94887
315398
46036
45995
46105
75701
80930
61795
95748
63348
69781
45995
74418
75711
79998
46105
103983
76832
46055
109964
111688
61104
46016
127687
46326
74179
75831
79899
73377
45975
158144
185235
111478
46036
87503
80209
168734
229467
46115
102420
152343
77635
46206
146443
322460
46246
46116
94897
98573
46015
74759
76572
308624
46186
63568
146423
59250
81862
74840
80039
77524
81822
92703
176539
46206
98403
46166
187258
59230
61845
63479
61033
216633
138187
124752
96680
255456
60222
60964
65261
268981
62576
46036
64469
77714
76512
46096
231161
61815
59341
80169
158365
111488
65232
74198
155470
64220
46025
74979
63337
206754
99705
76923
63478
94086
59280
153065
62516
65282
80981
60262
227424
161941
239126
62546
343309
45956
203509
59561
116357
92652
45915
59191
45995
75891
120615
79218
106027
45956
131255
89857
97502
107280
103022
166129
123129
80159
59301
63388
110226
77093
125643
62626
46246
59170
252851
108201
45935
76733
75951
172231
61054
112229
143637
172922
271796
46066
45976
334703
63578
60853
278158
61735
64259
133669
66013
80710
130503
45936
74929
65111
148146
204971
59230
61595
164015
72575
65091
127136
91440
95889
78916
75921
190215
95718
99004
92432
127848
78196
73998
82584
45895
62436
90659
167302
45915
235679
61134
46045
79779
60994
175457
128689
80009
61775
45986
45965
80750
109103
77384
45945
59210
79007
45966
114143
91410
46987
45945
93294
59271
116417
46316
190465
186868
75601
46046
45875
275823
189483
63528
63187
59150
45915
45955
126876
89837
45856
75761
111538
88234
60733
64790
164967
46046
45905
104835
134711
46106
148887
234215
297604
59190
244685
175918
327910
62627
45936
46126
146353
61715
64200
46086
107941
114012
113342
75731
142776
45976
93113
196295
77354
45936
75761
146883
101018
165298
148747
91511
153946
45965
112369
105426
62376
250075
60923
242812
89787
45855
45885
549383
93434
163154
45785
102941
65111
64230
146943
59902
60813
89827
146884
92662
221792
62536
45936
76583
45925
46096
45975
61795
122979
46046
84637
79127
62426
45965
108001
187609
143698
108873
45875
62417
80750
150781
94055
199521
77375
237161
60042
109995
306571
94135
154497
312451
45865
216483
146122
45825
45806
45955
73226
93184
45915
90920
45856
119733
76542
63458
128580
123239
258441
188170
64530
94155
59080
78256
63519
45945
115565
94005
45956
161911
45975
177962
160388
45975
113340
173443
62506
177701
91541
94085
45885
131565
60152
62657
46016
338741
290561
86631
91490
94787
265123
180355
106508
113952
62587
81222
156020
62587
103222
151972
62676
154397
46206
63498
466789
103333
46036
73196
113732
45896
142755
94085
106258
90599
45936
60062
63227
84737
59320
111318
79969
59351
66443
80891
65212
133939
139530
60733
77354
160779
124082
59220
238524
98723
46105
158765
78516
62095
139800
59310
105586
96691
46116
61083
78256
46035
89105
130002
89957
179534
110606
141243
74859
46106
93214
89817
110826
109384
46036
200122
124131
46126
196115
46026
78636
108762
270864
88995
192428
211013
139680
153064
108932
127447
98413
90488
76613
73237
117228
109023
79358
150190
263180
130734
45966
140421
107100
77424
45936
76753
122739
45926
170136
168003
60192
94035
208849
74168
78546
97542
116517
72956
73307
46016
207506
105467
183812
45956
111498
149468
76603
45976
63378
62607
147775
76633
63398
135231
89818
118891
78286
113802
122278
137927
279511
99445
103944
63338
217715
109694
46176
233815
59981
108081
60032
152915
76563
46146
83035
63438
46036
61645
111177
233866
64260
91530
88315
152504
65803
158785
100977
270012
267137
152804
67876
109924
121998
64360
59170
79037
74859
45866
45985
134630
122869
183983
46276
172911
78335
60071
78325
162412
82784
103062
65211
153315
92222
60022
200082
217364
122027
45915
232283
46176
137886
115095
114082
102370
266777
104825
82674
104194
45985
110035
73376
105797
61755
46045
78255
154377
122128
46166
305278
109093
160539
113281
46026
90739
232292
60092
60012
74128
207697
62506
61664
64209
274079
45925
119712
46186
64400
46096
77574
45996
174585
64330
114142
60162
93304
79297
243764
91610
45985
45955
45906
103042
45986
77444
75741
316939
45905
60843
46056
100126
62627
106438
105796
103803
110827
46136
61084
282987
60132
79077
45885
45906
91440
145171
45986
65251
60824
45996
124572
105767
99355
289549
46166
137165
91671
97672
62637
125494
210271
45985
45955
46116
74068
45985
128740
45876
88885
107871
138838
75160
46035
116337
199001
162743
65442
61755
189353
96880
267277
64239
63308
76603
183091
65171
62476
61685
106428
127888
138919
46206
90799
60181
46005
122307
121235
206324
98824
265654
152023
46056
131525
138929
129741
45915
84307
93483
46005
185274
45945
124902
110606
76533
46026
46066
77544
110034
60002
65432
46106
111458
194542
160609
74168
61174
59270
95788
82493
87512
74068
75681
222003
106599
46006
158034
126586
108683
80239
46076
45905
62477
123059
74930
152955
207656
125734
46046
138037
46136
114964
119783
60091
221562
79207
81652
63518
112619
90097
108161
152884
46016
59301
46126
79257
92442
45985
79908
46086
189813
45935
74148
124803
81762
45885
240919
259042
82083
61064
402449
93013
75841
224168
77354
252931
77605
73326
63558
73507
46106
62596
103733
122207
222424
62797
123039
148026
46065
144409
49512
108041
223235
130443
75842
90669
99105
151131
64400
76562
59982
74228
59280
65172
153305
126596
62527
76733
46036
119973
321459
123390
260996
46096
229056
78326
59290
64469
75931
80891
45875
94866
80810
63558
46186
91841
46036
109073
275072
79257
60954
45936
98353
272477
46045
64610
117148
46125
146743
59240
94907
128368
69379
79548
90739
75139
65241
60253
209560
210933
110826
147445
46086
217375
128139
45915
192779
177079
144980
65391
114974
93274
59310
46046
59410
94817
111798
46046
62446
111447
133468
59431
144619
59101
46015
94065
408811
45956
60052
107099
95718
270904
78395
46146
110626
117319
136494
61805
70682
59341
132947
107971
59290
121355
217815
45925
117339
148747
174625
81040
60011
169506
45986
107180
123129
164426
84918
46346
75230
45985
134620
99334
93093
45966
124782
74929
60102
46005
45966
96830
99485
111558
109824
74218
96740
152975
112450
104775
46006
127587
110967
123881
46015
104003
80921
106649
89707
45986
126476
144278
46085
59260
322830
80240
89016
76683
45996
91560
46035
227193
89116
96690
124101
45855
269702
45946
141493
86491
101799
128058
74840
190034
46015
176849
76573
62416
61705
73757
146152
97452
211113
62496
194121
89938
75721
78346
78396
61694
96810
63378
75821
94405
74969
132908
77755
211434
139680
45966
59901
74919
164325
93203
46006
45926
126545
62386
65201
98222
61003
75781
46146
46066
60192
96009
91471
78616
45926
61905
46196
90839
59381
46006
129321
46036
59150
125354
81672
170878
45965
62517
153576
93183
45945
82414
139600
203329
89957
184423
234466
75029
120143
196756
86742
61715
256257
45996
46016
243513
59231
95007
46006
94776
64209
115815
59221
96459
60161
189392
46075
118320
155419
91680
60161
124832
63509
76622
60773
190204
194531
116607
63308
81833
59160
59120
46126
65211
75070
62627
46126
125664
144389
148336
76492
46015
133318
45975
142305
191025
132696
68617
46056
61705
60162
81031
79288
131705
45945
78296
116597
133758
158575
91641
257680
139750
60102
213377
61675
108862
108983
114202
59861
121956
141172
109714
95849
59871
95809
76543
136033
199200
45825
76583
379165
94957
79057
251018
46136
45975
74148
63438
90519
88916
45915
45995
148056
92573
104865
93975
46006
45896
45876
102340
96771
61625
90488
45866
59962
303445
46046
107380
103803
45865
60022
65172
170487
65161
161942
89777
79568
132326
62456
45836
78216
219979
134480
79889
78146
45955
158184
60132
76692
182700
90588
92342
61745
105527
211934
83896
60162
63408
62446
88114
265705
45885
190805
179815
158154
160378
45885
80600
63288
45916
80981
104765
59861
45976
123881
70721
77554
152635
45925
109735
106288
63448
45995
143838
61855
181177
149468
81702
88926
115675
102892
45906
45805
62437
45885
78136
120585
64821
104865
79798
147745
92252
136945
59141
45925
59049
128870
62286
378084
60994
136163
105516
94025
182549
232853
78376
80721
154638
79929
207667
203198
92192
236691
107961
45906
92392
79207
160358
45835
92232
45755
63438
62646
45835
45986
62497
45925
61043
104765
88155
222183
59200
123891
193580
94847
164086
45896
87322
46126
45825
74038
78226
63248
410254
123069
232663
152784
46076
152685
239425
196044
156010
45896
64771
63288
45926
45885
45845
45886
133498
109804
140562
353859
76492
77735
46206
113000
94757
158064
45896
76573
45855
45815
45956
107861
128169
137826
64300
60843
78376
140662
111308
126455
132307
90849
74910
46086
122879
216573
46006
45825
59140
93925
123801
45875
45855
128980
107851
134491
64149
77033
45895
152875
255065
173032
114293
198189
46116
63318
78396
156982
73938
60833
59991
129841
121135
79859
62336
103332
46186
149118
77655
95568
45875
113361
45965
46065
61825
88755
64229
401136
59221
153766
59090
254705
78877
104785
63669
60823
316749
60091
46075
130653
121246
64410
122388
46286
119111
77353
150851
183832
155690
64240
139680
111017
59190
141343
76603
120394
77464
93173
75601
101189
62366
93083
127968
60803
166099
74108
45875
45896
232573
112199
133659
80490
157383
63419
81752
98433
45776
60773
60182
45755
92222
355271
79447
45865
113632
45866
45935
64190
62356
207426
45965
45875
75561
45856
146733
45946
108933
62426
179414
94205
45906
45895
111487
224689
79047
45896
45835
45815
74870
207526
73327
59150
106338
79016
123930
46126
46076
141293
210161
96731
59901
60021
275513
76612
63538
59972
45895
60803
59060
103954
81642
45845
199311
45915
59010
63318
186507
75781
92301
59210
96339
59991
160859
230599
59230
189242
63438
45865
64170
46006
61655
93133
45815
93644
76432
45905
45925
401667
46126
75721
76642
197016
79087
45915
45995
88114
45955
81582
81652
78226
61535
105516
156992
102180
72255
122188
326077
97040
63257
110616
221212
181848
103793
318493
61885
147234
45956
119532
45846
102170
88855
76583
45905
66444
46366
65162
45976
80189
45886
208338
45985
118591
45915
45885
45916
89687
75040
136704
46156
45805
74840
93244
65231
89075
108962
152665
60042
78146
45875
70552
73306
45895
260806
204581
60012
80771
78075
45755
59110
83575
46166
95588
238384
75661
127718
74168
103844
75561
218236
46095
72304
45876
74769
45816
223366
62506
45875
79027
45925
59130
117679
95868
59260
84578
82533
223085
62587
65402
155219
104575
262910
46096
101929
45865
62416
228976
73257
45815
60744
79768
237322
77794
65432
75871
89076
138818
77304
45805
139781
60693
99786
141514
63418
138658
120475
59060
45906
60072
46657
141523
45975
113361
46176
62607
76943
242100
160419
45996
64290
65312
45985
125313
380919
92342
157914
45955
45966
216774
192048
133889
49702
59150
79067
46006
219218
61063
127116
101740
94225
139590
74899
79078
265434
82664
45935
75060
75741
117629
176068
46026
45875
123099
95769
226411
62456
45896
142445
76663
61665
244736
264432
98243
123079
118410
78556
77444
111257
137195
132847
93234
149228
154638
94255
198540
178121
79928
108252
59090
91521
89817
82484
82844
141433
110847
106378
74158
46166
75791
75921
120745
241269
127437
172932
76572
88155
82543
254343
45825
62476
81772
128339
65161
109153
46136
59972
123350
229858
46076
107941
220480
173062
45896
46036
60923
212926
74890
61664
209269
45965
293667
76533
61685
114834
77324
59992
60793
109043
75420
108062
107981
95768
45975
45906
61735
46016
74108
107110
45986
77304
99405
198400
46026
75651
181488
80820
45965
62497
45895
45985
154427
199101
46176
64480
167682
59170
59912
104705
46145
63548
74138
97481
232443
89977
46146
74979
278298
50053
46026
78206
45815
166930
99926
129892
133709
65302
101108
46095
109795
124832
78486
59170
248182
46026
74178
46076
74188
110505
122899
471959
62717
116447
77514
191987
45976
45996
60913
77374
138167
87002
65451
93233
79978
189292
181188
88234
46096
77645
75971
101479
46056
76562
75641
45905
108142
119532
87262
60122
64339
75721
101459
46236
65973
306590
78416
46096
82734
46086
76633
45905
60834
46016
76632
97551
64991
46056
119703
46076
60873
63358
173673
60032
46096
89928
103863
45866
77535
117528
79297
76943
141323
148716
182280
453785
237572
123110
60863
185285
86431
46206
116457
46436
62517
79248
79177
63418
109604
59310
76673
80880
46075
79898
45955
178513
45956
94696
62366
78496
45865
60943
109785
95878
149358
121105
276083
108952
104875
45986
60232
72504
98273
46106
175256
45995
71363
76782
168734
90689
76733
172030
46036
128089
60142
92212
123230
139790
108833
115626
154577
130903
46175
137937
46076
45755
173403
80821
45915
46045
60222
88094
46106
46176
110565
161360
107410
108732
138177
96589
46045
46005
62557
89096
45956
75010
259703
46026
70271
78657
197548
77655
106218
88054
45895
144969
106288
146833
190325
205332
125513
59982
95819
91530
45895
45916
78386
127938
46115
96570
60843
162082
95548
102251
82573
46226
126546
221011
59300
80320
94175
110776
79869
169065
109935
184102
364338
93424
60112
46157
46186
190905
76523
207126
190405
239876
78426
223926
187809
91480
46116
88956
93464
48510
131705
129241
79148
236149
164415
46015
63318
89837
45966
95768
60813
75651
45816
107891
99946
62587
72786
109844
46086
45986
45986
46026
46076
45986
251218
88915
46016
120413
164225
93514
109033
184183
64310
46025
63448
46005
62557
45926
59300
101449
86531
200153
120745
116787
142334
81782
124051
65052
92452
117148
46086
45995
60874
45925
63478
136414
160729
91610
77515
77434
115175
95828
60813
102962
45986
94205
168604
138547
182449
45916
84918
62666
142334
45965
75790
45905
130714
106829
138849
130593
230399
92361
109744
74980
61134
128109
89787
45915
60102
61735
45966
279971
45946
167732
63408
45885
379517
109143
376901
45946
60743
61675
96620
147063
91320
145801
175216
61033
93233
123920
80930
46166
80960
62586
60854
149789
128399
120585
46036
95758
46166
180767
45896
126716
59391
94095
194502
171138
125314
144830
113822
133198
45966
122147
158215
65182
45985
46166
63538
46075
166389
89948
282466
95488
75100
45986
46046
157042
46045
282857
143157
60903
61714
113762
143086
232513
46055
214029
46016
261977
46046
61695
45945
123850
170328
136514
95839
60723
202948
174315
125012
171108
112600
46086
45956
60032
106999
78636
46116
261036
46266
75681
78326
165258
167652
62476
45886
45915
166219
63739
62677
100677
131304
93413
209170
153686
79318
66815
120043
46056
62476
90078
61675
46056
133699
59150
114252
45975
109925
46036
68338
92572
46016
59210
132256
61715
46056
59421
72455
109805
188541
45936
82714
97922
104735
127297
46126
88194
46096
90608
133749
118350
45906
102170
77254
254083
123039
104825
76673
213488
46156
65252
289749
91661
60022
59982
95798
89085
59350
229036
164486
96599
169575
90789
172110
220300
98553
61705
107981
95728
61605
310227
61274
117909
60923
45815
125664
188671
88926
75641
65141
45855
282064
167071
107169
46156
45995
45945
65121
141213
109714
63328
46025
61674
45895
173333
99616
82664
109694
95759
46136
60142
122138
133849
45836
79929
45986
46176
186808
206564
122077
45886
77404
159537
45966
170928
45845
66253
75129
150229
141052
82734
184483
45976
93083
256407
60804
59140
87192
46005
45976
114903
59090
60763
45816
45915
234747
109494
205943
131946
45805
59270
59080
61615
133769
62416
94817
60773
100617
46065
61795
45996
72285
45955
152624
76482
122138
65151
45916
153446
115595
126605
78426
62436
153446
93224
64270
72415
77464
45926
75611
118080
62597
182089
45895
262719
45875
64500
45915
62456
112189
65052
79077
110977
45895
62356
46086
74919
98022
108803
63408
64360
80160
80199
60844
67285
46026
135421
167351
125374
45886
204270
60723
125543
46155
99064
92432
78255
119452
45866
60813
91531
261627
199321
129020
45946
45945
141083
138418
77204
207747
45826
236690
46096
60933
161932
332078
45886
81522
312211
63467
134520
45825
90519
59040
45785
77314
45905
142956
199291
64430
90749
103763
125353
118611
78376
59060
124561
45875
65082
95407
184653
74929
61845
73226
77364
85559
124612
92292
60623
61725
45865
120785
148677
222404
61644
64160
97371
189072
45975
183251
45996
45905
90568
178622
73297
46076
91600
354279
120395
45975
65010
74138
134851
121186
127918
134730
91551
84718
72505
93294
45866
75761
92422
46046
94115
60763
88966
46046
99165
45865
144248
46136
179525
45805
62416
311219
45926
105777
46016
60914
113351
110806
60783
79939
124401
46035
180435
165057
46136
175868
152063
65052
45805
45906
45825
93934
81421
59932
159617
45895
226442
45986
164697
59140
139440
93203
94175
113091
45845
79308
77625
126956
158034
79107
59099
64240
45895
162363
76522
189814
150280
96590
60062
122118
98213
63358
45895
108932
144679
74860
59070
75641
75841
113130
45916
123700
46005
79117
186547
148577
63478
177771
45935
87142
59150
107180
280192
61695
45906
79969
259102
46095
80029
116557
178592
121847
60753
141243
45926
45885
89096
214850
136063
281254
60092
45986
94075
114333
160007
292965
135362
45936
45846
63388
199311
67055
122769
86271
196966
74879
172340
61565
328031
65482
108822
118631
62597
134360
103001
123761
239306
63338
114563
138709
64280
180145
45986
122338
138257
210982
46025
61664
62386
65041
83496
97822
45986
173433
138087
45966
63418
100427
75140
190184
120344
123169
59931
74058
74919
137867
74218
46196
103883
91470
102211
60011
133508
74910
92352
62397
77384
109805
122668
46136
114142
80771
61615
45985
96399
91370
49423
149588
205612
46287
226001
186778
73997
45875
183352
45915
60112
45895
79748
60293
109523
155379
83416
45825
45816
90508
143747
45996
45876
108051
98303
234187
96489
45875
108111
65101
72365
115765
64369
76512
313914
90599
45946
59110
254764
45905
45895
64009
60693
138417
46096
59240
75731
59190
92201
45816
140752
277296
72446
218687
46086
106989
102892
139169
89767
113150
252580
91410
65171
171960
45895
95708
131125
79959
105677
59210
45995
122067
46146
89717
45865
95658
73156
45776
45845
45935
45996
123660
94045
105486
92994
64320
75771
92222
45856
59881
237012
65091
45976
98193
146713
45906
77575
127377
92232
163404
93174
100898
148907
64219
235728
80200
176989
45925
45815
128810
122989
125624
254133
150329
45895
45805
93995
45906
81642
63338
121226
62497
172661
220451
130693
46036
59139
199882
176749
59291
45875
45765
65061
68438
94095
45936
77364
74087
45845
125414
45835
59911
274792
45905
78476
77574
120624
76603
139480
92302
64320
45855
60092
77524
155530
91891
60923
62166
135232
45795
88865
93023
92131
92903
137295
172732
77755
61464
105486
46006
143046
138538
73126
182249
127307
139941
78446
476016
61605
59291
75600
75751
83415
46276
60903
116366
261466
88044
73296
46016
46066
46066
61645
79809
107851
64430
60002
79027
45876
125223
61674
45905
90549
107991
91471
253171
46026
288166
75721
114734
45855
78296
197026
60172
162342
60192
62456
76723
46036
46126
120324
113912
60853
46026
104855
89827
64400
63478
45915
45846
80700
117860
143006
113040
327810
115464
216984
86491
156872
45905
46096
47047
45996
59210
74098
145180
95707
61625
45945
59230
116577
226021
46016
46166
109163
45935
138437
46076
133969
89848
104945
61705
45996
80851
103052
45926
60042
45976
62396
83085
61094
78336
45956
46096
45915
78416
182670
77645
46146
197658
88345
145120
65141
72355
141283
142105
46025
45975
63327
60753
75781
98272
248963
63689
167883
155279
73988
167422
45795
140332
64350
78236
94987
59220
75810
66914
204160
203669
107200
97792
111316
108332
278087
260384
79128
141784
101579
132767
434859
127487
46076
159998
46266
46206
88044
45966
109764
45976
90709
75741
105717
73366
79057
94075
45886
202928
77464
46016
80861
83666
90779
204501
76613
115615
88896
112790
104915
80861
46045
180175
65282
179574
152944
95488
249353
109874
80840
45996
73327
107320
79308
45915
63367
168934
95057
135572
90168
60223
73366
76603
46196
96671
194913
173012
60062
46016
175998
293727
63438
60002
45966
46076
279741
94967
112469
63459
46056
254574
92672
87533
280642
46006
94677
46026
97301
161871
198109
132727
156712
94827
59130
365340
107229
62436
111407
140611
143146
46096
59230
117248
130704
45965
63338
46036
101499
61845
184023
45996
62567
77614
45966
45956
127968
266375
45976
123971
81382
124742
78426
196015
59250
93134
46056
278438
112990
79067
75772
170938
64270
64320
105496
108331
63428
62436
119452
81672
61966
107210
247941
61003
76653
260124
60032
152524
60172
46086
165909
45916
45976
46015
60823
190865
64229
138097
45955
77754
120634
113862
155369
45986
141173
45885
61674
59270
104805
46126
108933
61775
134711
336857
45926
60823
45965
45966
174615
211464
46275
61835
64230
99115
107229
74269
64229
45935
63328
77364
60072
126235
73417
73327
126245
131435
140181
180256
79237
78266
110255
46006
164757
74128
89035
59230
108081
45976
45986
127297
75611
178763
46247
104043
151231
73367
60142
71824
46286
91400
118791
164957
167181
46036
46276
46106
46006
46025
176388
110686
64470
164656
97141
137817
185225
60032
90719
60964
59280
45955
163975
106248
83726
46416
46005
163294
46076
64370
61154
75821
62948
77274
88044
78997
91401
100106
61815
78275
167672
45996
226211
93855
74920
45975
63408
74909
143928
60152
143106
76683
45995
46066
59991
45906
103994
46015
45935
65081
137997
112650
127377
46046
45955
59221
45995
150320
65902
45935
104645
46066
45986
61755
208799
128069
46056
91460
112390
186797
63428
242071
143106
45825
115565
136423
122187
137776
262018
101349
221072
81622
59361
173383
137616
139009
152864
94947
60753
45956
60082
45926
99225
72324
143096
59251
180766
61644
163644
136073
62496
121496
82584
122057
167982
72484
60844
71062
46206
78236
87503
91660
88996
150891
140381
81733
116687
146583
194933
45935
45856
45855
127067
76643
59992
123961
252259
114804
110556
45925
157102
46065
166260
80039
64289
90629
60012
88004
128269
45986
208358
46146
124631
78576
45996
115926
202186
46116
100817
59972
121446
45976
259854
93123
123060
92943
148346
140322
162633
60973
62607
107140
156411
106588
65302
77594
45915
143818
77474
132717
95808
46005
74969
191807
129552
62767
100677
151261
142957
60843
167842
78977
46046
176980
46036
73417
229868
124802
45985
45846
76663
45956
104775
45955
217555
45976
46085
45975
45875
144900
45966
119502
62406
124552
93354
158605
63538
77834
60152
239405
46115
129711
92523
112589
113080
145060
62506
153746
79969
45935
95908
59240
76663
45965
75049
241269
106458
45956
45976
165087
80680
45885
76482
91410
158645
123901
90979
144990
96610
105406
111247
137836
45906
138789
89126
176538
45976
143597
112400
45795
108122
125574
46066
61464
129681
74719
164286
118111
165558
163875
68568
103723
45985
65231
123731
72605
46016
217585
59311
45916
62456
45916
153796
110496
45816
45845
276604
95006
45945
147786
61675
77394
45936
185896
76593
98714
117088
63288
105376
59250
279571
156742
46056
172030
59370
80770
383213
251509
75580
118049
173723
122849
60864
45925
94115
62376
223186
59140
220050
81843
65221
154818
151262
170066
79147
59270
59170
101359
110816
93785
225119
149879
63328
45896
109634
126195
45846
170537
65252
45886
82603
45905
91471
108742
45995
108813
46006
128950
45875
67596
178523
46096
59972
214228
158364
64239
161170
98403
111568
46046
302653
46065
62477
50053
45996
45946
60813
140432
87623
193480
76563
168013
114653
158816
45926
59200
130313
46186
59140
45995
64370
135572
45926
73968
121196
45956
45885
77373
107951
59230
67746
102290
45915
65252
78536
46076
60232
62316
46126
45966
61795
104865
126635
108852
211373
92412
93094
59180
154457
128299
90669
235268
46126
62456
61725
291092
139470
45986
59341
46086
46035
60222
172621
46045
63377
199251
62516
88144
46066
212686
175537
62196
142946
60151
46005
88155
76532
46035
82623
132066
46085
45955
62596
185275
78366
78335
67285
50765
62597
109714
94236
45915
62406
60002
45966
45995
60001
130633
46196
113802
45906
137025
59380
112800
46016
65282
88184
78346
96631
183501
80078
95878
74859
62336
62486
45805
99345
68097
60853
45966
59291
63478
46206
98804
59251
131284
155129
192027
45976
138588
143047
129561
46016
45976
432665
78977
45986
190765
45966
64530
109905
65252
46046
108091
45995
79208
106649
239375
312282
118310
76783
45945
45895
127137
194392
94025
73287
240007
46106
46366
65101
225410
83706
113271
45896
93975
46076
218527
137466
175166
45926
107931
163535
63388
45996
121236
96019
46086
93244
62516
183551
269972
109153
77614
67495
46105
125264
103022
137095
151161
61795
46136
94066
306070
62657
193640
217826
97481
92412
46136
45885
121366
129431
45966
59260
78105
134661
45935
310247
307323
126055
61825
164486
46166
92312
151422
46196
46006
134511
105847
189343
45955
46055
129271
288998
94886
73967
122559
126365
132858
60182
46036
143106
104905
107861
133940
186937
61033
212385
120514
347917
385398
60252
90018
78306
76443
123089
63488
92492
106268
78536
73206
60923
76492
60193
136193
61004
46096
45966
46006
114874
220150
133008
46136
177831
97622
110426
115024
45986
45866
93143
120654
117969
46066
105086
119453
45956
205322
130433
109915
75761
46086
59261
70672
45935
135492
140612
89146
181828
103142
62647
63478
45966
179715
63428
73186
72495
209400
45956
62376
284840
45915
64380
130883
63308
224217
81732
123891
84437
77324
62446
45996
168103
77024
145150
45926
45885
78075
45955
102261
109644
189473
59331
70231
46025
107309
218456
77464
45775
45846
75080
79127
156501
45865
88865
76663
46015
45896
124522
109143
156983
153465
45925
142997
96580
92663
249414
76833
74859
89877
144719
154648
100478
137285
59030
